4584.81707102268  0.4776507
4584.85856655232  0.1225572
4584.90006297973  0.06479023
4584.9415602996  0.0638888
4584.98305850663  0.09607587
4585.02455759552  0.3879155
4585.06605756099  0.6841346
4585.10755839774  0.822983
4585.1490601005  1.00697
4585.190562664  1.05807
4585.23206608297  1.001961
4585.27357035214  1.076848
4585.31507546627  1.053854
4585.3565814201  1.282225
4585.39808820839  1.185451
4585.4395958259  1.005347
4585.48110426741  0.962163
4585.52261352767  0.9904375
4585.56412360149  1.063707
4585.60563448363  1.405792
4585.64714616889  1.
4585.68865865208  1.101236
4585.73017192799  1.185791
4585.77168599143  1.311373
4585.81320083722  1.186298
4585.85471646018  1.087997
4585.89623285514  0.9073157
4585.93775001692  0.8636301
4585.97926794037  0.6633628
4586.02078662033  0.4992844
4586.06230605165  0.2842167
4586.10382622919  0.3652013
4586.14534714781  0.3838218
4586.18686880238  0.4280008
4586.22839118776  0.5954685
4586.26991429884  0.6038822
4586.3114381305  0.4401578
4586.35296267764  0.5589649
4586.39448793515  0.295685
4586.43601389793  0.376264
4586.47754056089  0.3807056
4586.51906791894  0.2805968
4586.56059596701  0.2977065
4586.60212470001  0.4037792
4586.64365411288  0.5845944
4586.68518420055  0.9044361
4586.72671495797  0.9657441
4586.76824638009  0.8314753
4586.80977846185  0.9890458
4586.85131119822  0.9168841
4586.89284458417  0.9332222
4586.93437861466  0.9444106
4586.97591328466  0.8692644
4587.01744858917  0.9003437
4587.05898452317  0.7558405
4587.10052108165  0.7253226
4587.14205825961  0.4900298
4587.18359605206  0.4502579
4587.225134454  0.3742018
4587.26667346046  0.3119859
4587.30821306645  0.1840196
4587.34975326701  0.2764114
4587.39129405716  0.5844921
4587.43283543194  0.6635127
4587.4743773864  0.6838518
4587.51591991559  0.8806719
4587.55746301456  0.8449311
4587.59900667837  0.8200068
4587.64055090209  0.8088118
4587.6820956808  0.7817098
4587.72364100957  0.72604
4587.76518688348  0.6456969
4587.80673329762  0.6636482
4587.84828024709  0.6483904
4587.88982772699  0.4947606
4587.93137573242  0.5669243
4587.97292425849  0.6797088
4588.01447330033  0.8148465
4588.05602285305  0.9294336
4588.09757291178  1.017689
4588.13912347166  0.8762125
4588.18067452782  0.9542027
4588.22222607541  0.8179507
4588.26377810957  0.9364088
4588.30533062547  0.6621836
4588.34688361827  0.6219409
4588.38843708312  0.4708786
4588.42999101521  0.7216877
4588.47154540971  0.9802823
4588.51310026181  1.125189
4588.55465556668  1.086666
4588.59621131954  1.112436
4588.63776751557  1.078467
4588.67932414998  1.052453
4588.72088121798  1.223077
4588.76243871478  1.071128
4588.80399663562  0.9497894
4588.84555497571  0.7949543
4588.88711373029  0.655937
4588.9286728946  0.8204406
4588.97023246387  0.9620934
4589.01179243336  1.140514
4589.05335279832  1.177895
4589.094913554  1.172401
4589.13647469569  1.152714
4589.17803621864  1.118026
4589.21959811813  1.015142
4589.26116038943  1.084156
4589.30272302785  1.044613
4589.34428602867  1.049085
4589.38584938718  1.019055
4589.42741309869  0.964139
4589.46897715851  0.8932149
4589.51054156195  0.998166
4589.55210630432  0.9135031
4589.59367138096  1.045471
4589.63523678719  1.082093
4589.67680251834  0.9881592
4589.71836856976  1.064182
4589.7599349368  1.021325
4589.80150161479  0.981761
4589.8430685991  1.074742
4589.8846358851  1.019753
4589.92620346813  1.036019
4589.96777134359  0.9833426
4590.00933950683  0.8103662
4590.05090795326  0.5963969
4590.09247667825  0.3734626
4590.1340456772  0.3202938
4590.1756149455  0.458961
4590.21718447856  0.6669447
4590.25875427179  0.9549458
4590.30032432061  1.014966
4590.34189462042  1.009521
4590.38346516666  1.015477
4590.42503595476  1.029693
4590.46660698015  1.027784
4590.50817823827  1.048362
4590.54974972457  1.039705
4590.59132143449  0.9874238
4590.6328933635  1.015906
4590.67446550705  0.9344098
4590.71603786062  0.9506135
4590.75761041967  0.9557626
4590.79918317967  0.9893888
4590.84075613612  0.8875009
4590.8823292845  0.7341201
4590.9239026203  0.6673468
4590.96547613902  0.5979032
4591.00704983616  0.7368137
4591.04862370723  0.8869203
4591.09019774774  0.9961703
4591.13177195321  0.9976992
4591.17334631917  0.9577025
4591.21492084114  0.9311318
4591.25649551465  0.8464539
4591.29807033525  0.83373
4591.33964529848  0.856279
4591.38122039989  0.8464299
4591.42279563503  0.8747489
4591.46437099946  0.7705938
4591.50594648875  0.5463794
4591.54752209846  0.3088362
4591.58909782417  0.277445
4591.63067366146  0.3424391
4591.67224960591  0.4311697
4591.71382565312  0.5543717
4591.75540179868  0.7828277
4591.79697803819  0.9216763
4591.83855436725  1.005352
4591.88013078147  1.017792
4591.92170727648  1.003985
4591.96328384788  0.9505302
4592.0048604913  0.9337077
4592.04643720239  0.9241065
4592.08801397676  0.9883284
4592.12959081006  0.8541833
4592.17116769794  0.7341796
4592.21274463605  0.6166034
4592.25432162004  0.7031992
4592.29589864557  0.8295417
4592.3374757083  0.916392
4592.37905280392  1.007172
4592.42062992809  0.9501171
4592.46220707649  0.8970324
4592.50378424481  0.7708136
4592.54536142874  0.7228012
4592.58693862398  0.7373199
4592.62851582622  0.6064201
4592.67009303117  0.4476415
4592.71167023454  0.3132476
4592.75324743205  0.2547591
4592.79482461942  0.2194355
4592.83640179236  0.1999488
4592.87797894662  0.3454056
4592.91955607792  0.6376754
4592.961133182  0.8830342
4593.00271025462  0.9934509
4593.04428729152  1.043568
4593.08586428845  0.9800969
4593.12744124117  0.9807448
4593.16901814546  1.015522
4593.21059499707  1.037994
4593.25217179178  0.9917743
4593.29374852537  0.9637386
4593.33532519363  0.8709298
4593.37690179234  0.9641106
4593.4184783173  1.065017
4593.4600547643  1.086838
4593.50163112916  1.104527
4593.54320740767  1.130279
4593.58478359564  1.0526
4593.62635968891  0.8846214
4593.66793568329  0.7515371
4593.7095115746  0.6469354
4593.75108735869  0.7547988
4593.79266303138  0.9793029
4593.83423858852  1.023428
4593.87581402596  1.066769
4593.91738933954  1.012731
4593.95896452513  0.9306964
4594.00053957858  0.7823527
4594.04211449577  0.7047927
4594.08368927256  0.6411402
4594.12526390482  0.7018551
4594.16683838844  0.7344844
4594.20841271931  0.597618
4594.2499868933  0.3609821
4594.29156090633  0.2440008
4594.33313475428  0.3730464
4594.37470843306  0.6589972
4594.41628193858  0.9304259
4594.45785526675  1.036789
4594.49942841349  1.049475
4594.54100137473  1.018301
4594.58257414639  0.9409102
4594.6241467244  0.9418416
4594.6657191047  1.010254
4594.70729128324  0.9824418
4594.74886325595  0.920112
4594.79043501879  0.8387891
4594.83200656772  0.8293644
4594.8735778987  0.926547
4594.91514900769  1.025675
4594.95671989066  1.014469
4594.99829054358  0.9055248
4595.03986096244  0.7140494
4595.08143114322  0.6594305
4595.12300108191  0.7116437
4595.1645707745  0.872627
4595.20614021699  0.949727
4595.24770940538  0.9770343
4595.28927833567  0.994998
4595.33084700389  0.9101827
4595.37241540604  0.7691638
4595.41398353814  0.6864297
4595.45555139623  0.5908467
4595.49711897634  0.4538955
4595.53868627448  0.3777505
4595.58025328672  0.4666654
4595.62182000908  0.651785
4595.66338643763  0.7452744
4595.7049525684  0.7716371
4595.74651839746  0.7058604
4595.78808392088  0.7211988
4595.82964913471  0.8317423
4595.87121403503  0.9429454
4595.91277861791  1.018146
4595.95434287944  1.047601
4595.9959068157  0.9611734
4596.03747042278  0.797338
4596.07903369677  0.6216326
4596.12059663377  0.4956952
4596.16215922989  0.4198928
4596.20372148123  0.3990184
4596.2452833839  0.4301136
4596.28684493402  0.6387311
4596.32840612771  0.9250331
4596.3699669611  1.082006
4596.41152743032  1.121282
4596.45308753149  1.099903
4596.49464726077  0.9580575
4596.53620661429  0.7825586
4596.5777655882  0.6109379
4596.61932417865  0.6806948
4596.6608823818  0.8484159
4596.70244019382  0.9299523
4596.74399761086  0.9119641
4596.78555462909  0.9650412
4596.8271112447  1.041918
4596.86866745385  1.092558
4596.91022325274  1.127441
4596.95177863755  1.085931
4596.99333360447  0.9772065
4597.0348881497  0.8654383
4597.07644226944  0.7177713
4597.1179959599  0.7201935
4597.15954921728  0.7562847
4597.2011020378  0.7930424
4597.24265441768  0.859943
4597.28420635314  0.9615427
4597.3257578404  0.9009537
4597.36730887571  0.778152
4597.40885945529  0.699716
4597.45040957538  0.7183324
4597.49195923224  0.7665227
4597.5335084221  0.7102198
4597.57505714123  0.7344089
4597.61660538587  0.8790858
4597.6581531523  1.027714
4597.69970043677  1.069262
4597.74124723556  0.9991862
4597.78279354495  0.93509
4597.8243393612  0.899973
4597.86588468061  0.7913717
4597.90742949947  0.6158172
4597.94897381406  0.5446951
4597.99051762068  0.5117773
4598.03206091564  0.5091243
4598.07360369523  0.5963329
4598.11514595577  0.8375359
4598.15668769357  0.9452328
4598.19822890494  0.8715488
4598.23976958622  0.6232177
4598.28130973372  0.3969378
4598.32284934377  0.4136847
4598.36438841272  0.6291513
4598.40592693689  0.8604921
4598.44746491264  0.8590641
4598.4890023363  0.7130029
4598.53053920424  0.6178553
4598.5720755128  0.6608894
4598.61361125835  0.8067675
4598.65514643725  0.9566919
4598.69668104586  1.068773
4598.73821508057  1.096087
4598.77974853775  1.10402
4598.82128141378  1.030856
4598.86281370504  0.939029
4598.90434540792  0.8165743
4598.94587651881  0.8480074
4598.98740703413  0.9976817
4599.02893695025  1.114352
4599.0704662636  1.116729
4599.11199497058  1.106382
4599.1535230676  1.059287
4599.19505055108  1.047105
4599.23657741746  1.077069
4599.27810366314  1.106388
4599.31962928456  1.101344
4599.36115427816  0.9870076
4599.40267864037  0.9196956
4599.44420236765  0.9988565
4599.48572545643  1.109964
4599.52724790316  1.144741
4599.56876970431  1.136203
4599.61029085632  1.132507
4599.65181135567  1.126862
4599.69333119882  1.117188
4599.73485038224  1.150411
4599.77636890241  1.144248
4599.81788675581  1.094695
4599.85940393891  1.024614
4599.90092044821  0.9073422
4599.94243628021  0.7123124
4599.98395143138  0.5548336
4600.02546589824  0.5258024
4600.06697967729  0.7336821
4600.10849276504  0.9552236
4600.15000515799  1.05055
4600.19151685266  0.9499467
4600.23302784558  0.7214593
4600.27453813326  0.5185698
4600.31604771223  0.5170562
4600.35755657904  0.6277819
4600.3990647302  0.7196642
4600.44057216226  0.717514
4600.48207887176  0.6315324
4600.52358485526  0.519391
4600.56509010929  0.582481
4600.60659463043  0.839214
4600.64809841522  1.02663
4600.68960146023  1.099077
4600.73110376203  1.110686
4600.77260531719  1.103655
4600.81410612228  0.9729751
4600.85560617388  0.6946169
4600.89710546857  0.3703487
4600.93860400295  0.3104389
4600.9801017736  0.4666229
4601.02159877712  0.6696653
4601.0630950101  0.6650798
4601.10459046915  0.5096204
4601.14608515087  0.4224029
4601.18757905188  0.4358123
4601.22907216878  0.5919311
4601.2705644982  0.7693881
4601.31205603675  0.8754136
4601.35354678106  0.9579388
4601.39503672777  0.9616662
4601.4365258735  0.9363164
4601.4780142149  0.9200799
4601.51950174859  0.8979396
4601.56098847123  0.9593658
4601.60247437947  1.04648
4601.64395946996  1.111989
4601.68544373934  1.102447
4601.7269271843  1.102864
4601.76840980148  1.120901
4601.80989158755  1.167727
4601.85137253919  1.197435
4601.89285265307  1.181823
4601.93433192587  1.17908
4601.97581035427  1.182807
4602.01728793496  1.140642
4602.05876466463  1.030499
4602.10024053997  0.7982783
4602.14171555769  0.4675254
4602.18318971447  0.3302377
4602.22466300703  0.486175
4602.26613543207  0.7892116
4602.30760698632  1.01137
4602.34907766648  1.09022
4602.39054746927  1.129462
4602.43201639142  1.13447
4602.47348442966  1.172406
4602.51495158071  1.176514
4602.55641784132  1.127779
4602.59788320821  1.141112
4602.63934767814  1.108349
4602.68081124784  1.083246
4602.72227391408  1.069441
4602.76373567359  1.061931
4602.80519652314  1.068465
4602.84665645949  1.074951
4602.8881154794  1.027883
4602.92957357965  0.9646233
4602.97103075699  0.8797455
4603.01248700821  0.6812359
4603.05394233009  0.4243366
4603.09539671941  0.2233466
4603.13685017295  0.1782745
4603.1783026875  0.3239909
4603.21975425987  0.5754748
4603.26120488683  0.7850274
4603.3026545652  0.941483
4603.34410329178  1.008244
4603.38555106338  1.030941
4603.4269978768  0.9846748
4603.46844372887  0.8518479
4603.5098886164  0.7241135
4603.55133253621  0.7840961
4603.59277548513  0.9752293
4603.63421745998  1.144419
4603.67565845761  1.168603
4603.71709847485  1.168347
4603.75853750853  1.129457
4603.79997555549  1.104792
4603.8414126126  1.11528
4603.88284867669  1.087871
4603.92428374462  1.060328
4603.96571781326  0.9678181
4604.00715087944  0.8566085
4604.04858294006  0.7764986
4604.09001399196  0.7129635
4604.13144403203  0.7145309
4604.17287305714  0.8640796
4604.21430106415  1.043013
4604.25572804997  1.113203
4604.29715401147  1.069313
4604.33857894555  0.9802952
4604.38000284908  0.8992223
4604.42142571898  0.8942475
4604.46284755214  0.9975455
4604.50426834546  1.107469
4604.54568809584  1.126207
4604.58710680021  1.0936
4604.62852445546  1.008717
4604.66994105852  0.860513
4604.71135660631  0.6614285
4604.75277109574  0.6219183
4604.79418452376  0.7724794
4604.83559688728  0.9511774
4604.87700818324  1.086398
4604.91841840858  1.133209
4604.95982756023  1.071424
4605.00123563514  0.939496
4605.04264263026  0.8336217
4605.08404854254  0.7278579
4605.12545336893  0.5552203
4605.16685710639  0.4080901
4605.20825975188  0.4858564
4605.24966130236  0.6559584
4605.2910617548  0.8260927
4605.33246110617  0.9595932
4605.37385935344  1.042249
4605.4152564936  1.001846
4605.45665252362  0.9405301
4605.49804744049  0.821507
4605.53944124119  0.7277676
4605.58083392271  0.7073821
4605.62222548204  0.7051171
4605.6636159162  0.7143763
4605.70500522216  0.6686131
4605.74639339695  0.5850541
4605.78778043756  0.6028524
4605.82916634101  0.8049271
4605.8705511043  0.925994
4605.91193472446  0.9422792
4605.9533171985  0.9023008
4605.99469852346  0.8718064
4606.03607869635  0.9084073
4606.0774577142  0.9833831
4606.11883557405  1.045038
4606.16021227293  1.057462
4606.20158780789  1.041222
4606.24296217597  0.9183787
4606.28433537421  0.710268
4606.32570739965  0.5019147
4606.36707824937  0.4247351
4606.4084479204  0.5333913
4606.44981640981  0.7385206
4606.49118371465  0.9042365
4606.53254983201  0.913864
4606.57391475894  0.8425849
4606.61527849251  0.8924707
4606.6566410298  0.9429867
4606.69800236788  0.9799836
4606.73936250385  1.0671
4606.78072143478  1.149019
4606.82207915776  1.162216
4606.86343566987  1.156589
4606.90479096822  1.118416
4606.9461450499  1.095551
4606.98749791202  1.101831
4607.02884955166  1.110166
4607.07019996594  1.144667
4607.11154915197  1.163571
4607.15289710686  1.167169
4607.19424382773  1.111247
4607.23558931169  1.047491
4607.27693355587  1.000946
4607.31827655739  1.046216
4607.35961831338  1.073726
4607.40095882097  0.9950694
4607.44229807729  0.8023868
4607.48363607948  0.552319
4607.52497282468  0.501676
4607.56630831003  0.7109452
4607.60764253269  0.9602755
4607.64897548979  1.074649
4607.69030717849  1.02091
4607.73163759595  0.8223754
4607.77296673932  0.5483115
4607.81429460578  0.3520182
4607.85562119247  0.4127982
4607.89694649656  0.692746
4607.93827051524  0.9554774
4607.97959324567  1.09192
4608.02091468502  1.148462
4608.06223483048  1.157692
4608.10355367924  1.159251
4608.14487122846  1.156746
4608.18618747535  1.161479
4608.2275024171  1.145667
4608.26881605089  1.132388
4608.31012837393  1.127072
4608.35143938341  1.140002
4608.39274907655  1.144385
4608.43405745053  1.155167
4608.47536450258  1.167802
4608.51667022991  1.179272
4608.55797462973  1.173647
4608.59927769926  1.181252
4608.64057943572  1.173048
4608.68187983633  1.167722
4608.72317889832  1.161894
4608.76447661892  1.172709
4608.80577299536  1.148108
4608.84706802487  1.119599
4608.8883617047  1.088287
4608.92965403209  1.097939
4608.97094500427  1.084534
4609.01223461851  1.070648
4609.05352287203  1.071855
4609.09480976211  1.083386
4609.13609528599  1.094311
4609.17737944093  1.140407
4609.21866222419  1.139137
4609.25994363304  1.142753
4609.30122366474  1.133134
4609.34250231656  1.073134
4609.38377958578  0.9589875
4609.42505546967  0.8195046
4609.46632996551  0.7939672
4609.50760307058  0.8779784
4609.54887478215  0.980531
4609.59014509753  1.067798
4609.63141401399  1.13409
4609.67268152884  1.148425
4609.71394763936  1.133444
4609.75521234285  1.114375
4609.79647563661  1.104545
4609.83773751794  1.09457
4609.87899798416  1.10718
4609.92025703257  1.128041
4609.96151466048  1.113601
4610.0027708652  1.023091
4610.04402564405  0.8486132
4610.08527899436  0.730582
4610.12653091344  0.7976287
4610.16778139861  0.9598245
4610.20903044722  1.069744
4610.25027805657  1.08588
4610.29152422402  1.027685
4610.33276894689  0.9136539
4610.37401222253  0.8874675
4610.41525404826  0.9779466
4610.45649442145  1.076812
4610.49773333944  1.12701
4610.53897079956  1.142995
4610.58020679919  1.160513
4610.62144133566  1.149163
4610.66267440634  1.162568
4610.70390600859  1.129275
4610.74513613977  1.136956
4610.78636479724  1.152982
4610.82759197838  1.159461
4610.86881768055  1.14788
4610.91004190113  1.164738
4610.95126463748  1.149983
4610.992485887  1.134207
4611.03370564706  1.115656
4611.07492391504  1.075001
4611.11614068834  1.052246
4611.15735596433  0.9820648
4611.19856974042  0.8172051
4611.23978201399  0.6412582
4611.28099278244  0.5536664
4611.32220204317  0.46475
4611.36340979358  0.3662035
4611.40461603107  0.2917817
4611.44582075306  0.2381968
4611.48702395696  0.2577534
4611.52822564016  0.4039381
4611.56942580009  0.6491891
4611.61062443417  0.8353709
4611.6518215398  0.9357414
4611.69301711443  0.9725952
4611.73421115547  0.9884345
4611.77540366034  0.9695913
4611.81659462648  0.9639279
4611.85778405132  0.9566808
4611.89897193229  0.9741601
4611.94015826683  0.9815244
4611.98134305238  0.9890545
4612.02252628638  1.013518
4612.06370796628  1.025184
4612.10488808952  0.960557
4612.14606665355  0.9110108
4612.18724365583  0.934746
4612.2284190938  0.9713179
4612.26959296493  1.01705
4612.31076526667  1.04922
4612.35193599649  1.085137
4612.39310515185  1.108715
4612.43427273021  1.119383
4612.47543872905  1.115307
4612.51660314584  1.106237
4612.55776597804  1.109229
4612.59892722315  1.0784
4612.64008687862  1.016612
4612.68124494196  0.9936716
4612.72240141063  0.933368
4612.76355628213  0.8486645
4612.80470955394  0.8393931
4612.84586122355  0.9090271
4612.88701128846  1.001886
4612.92815974616  1.060503
4612.96930659415  1.08537
4613.01045182993  1.107851
4613.051595451  1.037242
4613.09273745486  0.9494946
4613.13387783903  0.8770214
4613.17501660101  0.883962
4613.21615373832  0.9478165
4613.25728924846  0.9605846
4613.29842312896  0.8268002
4613.33955537732  0.5601974
4613.38068599109  0.3602736
4613.42181496777  0.372868
4613.46294230489  0.4275287
4613.50406799998  0.3476996
4613.54519205057  0.3015983
4613.5863144542  0.483338
4613.62743520839  0.7701457
4613.66855431069  0.9533416
4613.70967175863  1.013837
4613.75078754975  1.040825
4613.79190168161  1.021769
4613.83301415173  0.9704882
4613.87412495768  0.9269126
4613.91523409701  0.9464306
4613.95634156725  0.9968861
4613.99744736598  0.986709
4614.03855149075  0.8235289
4614.07965393912  0.6313528
4614.12075470864  0.5975372
4614.16185379688  0.7416492
4614.20295120142  0.9138682
4614.24404691981  0.9687327
4614.28514094962  0.8883354
4614.32623328844  0.6961358
4614.36732393383  0.547361
4614.40841288337  0.5991425
4614.44950013464  0.7957883
4614.49058568522  0.9623908
4614.5316695327  1.060993
4614.57275167466  1.085946
4614.61383210868  1.054333
4614.65491083236  0.9830557
4614.69598784329  0.9101086
4614.73706313907  0.897371
4614.77813671729  0.9306985
4614.81920857554  0.9792746
4614.86027871143  0.9642028
4614.90134712257  0.9445584
4614.94241380655  0.9906589
4614.98347876098  1.067546
4615.02454198348  1.096933
4615.06560347164  1.108427
4615.1066632231  1.122785
4615.14772123545  1.118768
4615.18877750632  1.098106
4615.22983203333  1.101667
4615.2708848141  1.101321
4615.31193584625  1.102464
4615.35298512741  1.097314
4615.39403265521  1.091873
4615.43507842727  1.107574
4615.47612244122  1.100981
4615.51716469471  1.089522
4615.55820518536  1.036589
4615.59924391081  0.9681277
4615.64028086871  0.9148993
4615.68131605669  0.8230556
4615.7223494724  0.6766897
4615.76338111349  0.6423177
4615.80441097759  0.7385953
4615.84543906237  0.7959514
4615.88646536547  0.8475823
4615.92748988455  0.9366214
4615.96851261726  1.019113
4616.00953356126  1.037905
4616.05055271421  1.049266
4616.09157007377  1.037303
4616.13258563761  1.017078
4616.17359940339  0.9485632
4616.21461136877  0.7599221
4616.25562153143  0.4552194
4616.29662988904  0.2586893
4616.33763643927  0.3202991
4616.3786411798  0.5820927
4616.41964410829  0.8306088
4616.46064522245  0.9787741
4616.50164451993  1.036288
4616.54264199843  1.05482
4616.58363765563  1.050314
4616.62463148922  1.048143
4616.66562349688  1.006076
4616.70661367631  0.9465665
4616.7476020252  0.7955678
4616.78858854124  0.6660671
4616.82957322213  0.6932674
4616.87055606555  0.8407086
4616.91153706923  0.9628578
4616.95251623085  1.025059
4616.99349354813  1.071295
4617.03446901875  1.08588
4617.07544264044  1.090754
4617.1164144109  1.096187
4617.15738432784  1.094617
4617.19835238897  1.087298
4617.23931859201  1.088124
4617.28028293467  1.06057
4617.32124541468  1.014381
4617.36220602974  0.8464113
4617.40316477759  0.5647479
4617.44412165595  0.3712099
4617.48507666253  0.4556029
4617.52602979507  0.7193088
4617.5669810513  0.9278723
4617.60793042894  0.9987018
4617.64887792573  1.029944
4617.68982353941  1.044078
4617.7307672677  1.05009
4617.77170910834  1.073896
4617.81264905908  1.079361
4617.85358711765  1.075084
4617.8945232818  1.056163
4617.93545754927  1.038604
4617.97638991781  0.9741973
4618.01732038516  0.8761615
4618.05824894907  0.8467845
4618.0991756073  0.8425754
4618.1401003576  0.8584358
4618.18102319771  0.9236023
4618.22194412541  0.9873658
4618.26286313844  1.025143
4618.30378023456  1.048674
4618.34469541154  1.066725
4618.38560866714  1.073387
4618.42651999912  1.059947
4618.46742940526  1.050209
4618.5083368833  1.043717
4618.54924243104  1.036734
4618.59014604623  1.027264
4618.63104772665  1.029591
4618.67194747007  1.029688
4618.71284527428  1.028549
4618.75374113704  1.045164
4618.79463505613  1.009511
4618.83552702935  0.9264733
4618.87641705446  0.7102354
4618.91730512925  0.4430846
4618.95819125152  0.322217
4618.99907541904  0.4276197
4619.0399576296  0.6586547
4619.08083788099  0.8578058
4619.12171617101  0.9771563
4619.16259249746  1.011044
4619.20346685811  1.025365
4619.24433925078  1.037948
4619.28520967325  1.028087
4619.32607812333  0.9903094
4619.36694459882  0.8755066
4619.40780909752  0.6197116
4619.44867161723  0.3836622
4619.48953215577  0.3577735
4619.53039071093  0.5701114
4619.57124728053  0.8040699
4619.61210186238  0.8729947
4619.65295445429  0.7499225
4619.69380505406  0.5577435
4619.73465365952  0.541276
4619.77550026849  0.7097114
4619.81634487877  0.8334438
4619.85718748819  0.8557791
4619.89802809457  0.7497587
4619.93886669574  0.5835627
4619.9797032895  0.5688297
4620.0205378737  0.7220142
4620.06137044615  0.8711971
4620.10220100468  0.9686041
4620.14302954712  1.013094
4620.18385607131  1.002874
4620.22468057507  0.9612211
4620.26550305625  0.8905441
4620.30632351266  0.8507478
4620.34714194216  0.9073368
4620.38795834256  0.9987182
4620.42877271173  1.024363
4620.46958504749  0.9825687
4620.51039534769  0.9364864
4620.55120361017  0.9050438
4620.59200983278  0.8573551
4620.63281401336  0.7473254
4620.67361614976  0.6025471
4620.71441623982  0.6061447
4620.75521428141  0.7836808
4620.79601027236  0.9386111
4620.83680421054  1.007648
4620.87759609379  1.042666
4620.91838591997  1.042547
4620.95917368694  1.02783
4620.99995939256  1.01519
4621.04074303468  1.024341
4621.08152461116  1.02973
4621.12230411988  1.030863
4621.16308155869  0.9966039
4621.20385692545  0.9772133
4621.24463021803  0.9845963
4621.2854014343  1.004803
4621.32617057213  1.026552
4621.36693762939  1.044642
4621.40770260394  1.042835
4621.44846549367  1.029335
4621.48922629643  1.015297
4621.52998501012  1.004264
4621.5707416326  0.9799796
4621.61149616175  0.9652855
4621.65224859545  0.972719
4621.69299893158  0.9788821
4621.73374716802  0.9693989
4621.77449330265  0.9662247
4621.81523733336  0.9848399
4621.85597925803  1.015635
4621.89671907454  1.031495
4621.93745678079  1.023195
4621.97819237466  0.9141088
4622.01892585404  0.6867459
4622.05965721682  0.4337092
4622.1003864609  0.3515683
4622.14111358416  0.4652934
4622.1818385845  0.7035164
4622.22256145981  0.907892
4622.263282208  1.003221
4622.30400082695  1.02673
4622.34471731457  1.041143
4622.38543166876  1.040806
4622.42614388742  1.037084
4622.46685396845  1.037881
4622.50756190975  1.000224
4622.54826770923  0.8776157
4622.58897136479  0.672817
4622.62967287435  0.5291417
4622.6703722358  0.5712656
4622.71106944706  0.700343
4622.75176450603  0.8199068
4622.79245741063  0.9119316
4622.83314815877  0.8915017
4622.87383674836  0.7509301
4622.91452317732  0.6095411
4622.95520744356  0.6552912
4622.995889545  0.8208589
4623.03656947955  0.9237603
4623.07724724514  0.9319316
4623.11792283968  0.89895
4623.15859626109  0.7961913
4623.1992675073  0.6188312
4623.23993657623  0.4295492
4623.2806034658  0.3566821
4623.32126817393  0.5158937
4623.36193069856  0.7750949
4623.4025910376  0.9516986
4623.44324918899  1.006801
4623.48390515065  1.02416
4623.52455892052  1.031921
4623.56521049653  1.028453
4623.60585987659  1.027874
4623.64650705866  0.9931245
4623.68715204066  0.9046733
4623.72779482053  0.7847687
4623.7684353962  0.7209365
4623.80907376561  0.7902694
4623.84970992669  0.921005
4623.89034387739  0.9922237
4623.93097561565  1.028886
4623.97160513939  1.048142
4624.01223244658  1.04533
4624.05285753514  1.037124
4624.09348040301  1.03974
4624.13410104816  1.033936
4624.17471946851  0.9972632
4624.21533566202  0.9248296
4624.25594962663  0.8568983
4624.29656136028  0.8865849
4624.33717086094  0.9629291
4624.37777812654  1.00247
4624.41838315503  1.011964
4624.45898594438  1.002667
4624.49958649252  0.9424262
4624.54018479741  0.8767611
4624.58078085701  0.8147202
4624.62137466928  0.8300831
4624.66196623215  0.8892652
4624.7025555436  0.9010624
4624.74314260158  0.8963723
4624.78372740403  0.9304875
4624.82430994894  0.9815687
4624.86489023425  0.9747663
4624.90546825793  0.9716567
4624.94604401793  0.9836149
4624.98661751222  0.9726598
4625.02718873875  0.8902452
4625.06775769551  0.8024723
4625.10832438043  0.7412114
4625.14888879151  0.627126
4625.18945092668  0.3981718
4625.23001078394  0.2757544
4625.27056836124  0.400166
4625.31112365654  0.6659603
4625.35167666783  0.8810688
4625.39222739306  0.9701592
4625.43277583022  0.9674823
4625.47332197726  0.9481739
4625.51386583217  0.9532912
4625.55440739291  0.9755548
4625.59494665746  0.9836428
4625.63548362379  0.9892163
4625.67601828987  1.013944
4625.71655065369  1.032983
4625.75708071322  1.039585
4625.79760846642  1.027135
4625.8381339113  0.9988949
4625.87865704581  0.9614342
4625.91917786794  0.8932564
4625.95969637567  0.8668546
4626.00021256698  0.8914945
4626.04072643985  0.8601371
4626.08123799225  0.77878
4626.12174722219  0.7813189
4626.16225412762  0.8903038
4626.20275870655  0.9480883
4626.24326095695  0.8520322
4626.28376087681  0.6228511
4626.32425846411  0.3348226
4626.36475371685  0.2410343
4626.405246633  0.4096888
4626.44573721055  0.708281
4626.48622544749  0.9017205
4626.52671134181  0.9540913
4626.5671948915  0.9290084
4626.60767609455  0.8626305
4626.64815494895  0.757331
4626.68863145269  0.6381272
4626.72910560375  0.6563042
4626.76957740014  0.7869617
4626.81004683985  0.9030287
4626.85051392086  0.9818009
4626.89097864117  0.957975
4626.93144099878  0.8822211
4626.97190099168  0.8356723
4627.01235861786  0.8643066
4627.05281387533  0.9540733
4627.09326676207  1.00798
4627.13371727609  1.02863
4627.17416541537  1.029639
4627.21461117793  1.034801
4627.25505456176  1.037486
4627.29549556485  1.032374
4627.3359341852  1.023252
4627.37637042083  0.9946334
4627.41680426971  0.9771978
4627.45723572987  0.9492448
4627.49766479929  0.8815547
4627.53809147598  0.7854822
4627.57851575794  0.7503117
4627.61893764318  0.7502116
4627.65935712969  0.6968018
4627.69977421549  0.6422497
4627.74018889857  0.664565
4627.78060117693  0.7913243
4627.82101104859  0.89943
4627.86141851156  0.9616178
4627.90182356382  0.997309
4627.9422262034  1.022833
4627.98262642829  1.036678
4628.02302423651  1.047419
4628.06341962606  1.050973
4628.10381259495  1.06918
4628.14420314119  1.062396
4628.18459126278  1.051902
4628.22497695774  1.012406
4628.26536022407  0.8993551
4628.30574105979  0.7063018
4628.3461194629  0.5904468
4628.38649543141  0.6894517
4628.42686896333  0.865103
4628.46724005669  0.979204
4628.50760870948  1.023432
4628.54797491971  1.018054
4628.58833868541  0.9423865
4628.62870000458  0.8677688
4628.66905887524  0.879055
4628.70941529539  0.9647965
4628.74976926306  1.013731
4628.79012077625  0.9986779
4628.83046983298  0.9581885
4628.87081643127  0.9453821
4628.91116056912  0.9505663
4628.95150224455  0.9658931
4628.99184145558  0.9544902
4629.03217820023  0.9114545
4629.0725124765  0.845296
4629.11284428242  0.8192161
4629.153173616  0.8601282
4629.19350047525  0.9184102
4629.2338248582  0.9142323
4629.27414676286  0.9430272
4629.31446618724  0.9838957
4629.35478312937  0.9990281
4629.39509758726  0.9078984
4629.43540955893  0.7126995
4629.4757190424  0.4517569
4629.51602603569  0.2875229
4629.5563305368  0.3237258
4629.59663254377  0.524428
4629.63693205462  0.7564934
4629.67722906735  0.8338007
4629.71752357999  0.8453586
4629.75781559056  0.8945234
4629.79810509707  0.9747562
4629.83839209756  1.013121
4629.87867659003  1.015762
4629.91895857251  1.02702
4629.95923804302  1.020209
4629.99951499958  1.005089
4630.0397894402  0.9725892
4630.08006136291  0.9404478
4630.12033076573  0.9203201
4630.16059764668  0.9170093
4630.20086200378  0.8222812
4630.24112383506  0.5805883
4630.28138313852  0.3370238
4630.32163991221  0.3010494
4630.36189415412  0.5034481
4630.40214586229  0.7735109
4630.44239503474  0.9424586
4630.4826416695  1.027925
4630.52288576457  1.053611
4630.56312731798  1.04899
4630.60336632777  1.023155
4630.64360279193  0.9773661
4630.68383670851  0.8730585
4630.72406807551  0.7616428
4630.76429689097  0.7833499
4630.8045231529  0.926213
4630.84474685933  1.023424
4630.88496800828  1.027444
4630.92518659777  0.9683636
4630.96540262582  0.9464412
4631.00561609046  0.9806612
4631.0458269897  1.029363
4631.08603532157  1.0439
4631.1262410841  1.011662
4631.16644427529  0.931562
4631.20664489319  0.8468381
4631.2468429358  0.85289
4631.28703840115  0.9224787
4631.32723128726  1.000047
4631.36742159216  1.045669
4631.40760931386  1.054289
4631.44779445039  1.078742
4631.48797699976  1.086164
4631.52815696001  1.075637
4631.56833432916  1.038269
4631.60850910522  0.9502617
4631.64868128621  0.8303312
4631.68885087016  0.8458134
4631.72901785509  0.9710793
4631.76918223902  1.062232
4631.80934401998  1.080755
4631.84950319597  1.095666
4631.88965976503  1.090929
4631.92981372517  1.077778
4631.96996507442  1.099897
4632.0101138108  1.094093
4632.05025993232  1.091869
4632.09040343702  1.071927
4632.13054432289  1.08088
4632.17068258798  1.073262
4632.2108182303  1.044428
4632.25095124786  0.9637442
4632.29108163869  0.8031184
4632.33120940081  0.7507781
4632.37133453223  0.8653965
4632.41145703098  0.9970245
4632.45157689507  1.0582
4632.49169412253  1.060804
4632.53180871137  1.060822
4632.57192065961  1.071543
4632.61202996527  1.067927
4632.65213662637  1.054468
4632.69224064092  1.071
4632.73234200694  1.062892
4632.77244072246  1.015694
4632.81253678548  0.9633934
4632.85263019402  0.9373968
4632.89272094611  0.9283283
4632.93280903975  0.7962667
4632.97289447297  0.5310088
4633.01297724377  0.3120745
4633.05305735018  0.2003794
4633.09313479021  0.1859623
4633.13320956188  0.3183514
4633.1732816632  0.5421041
4633.21335109218  0.7002323
4633.25341784684  0.8113436
4633.2934819252  0.9303496
4633.33354332526  0.9808215
4633.37360204504  0.9369115
4633.41365808256  0.8161771
4633.45371143583  0.8138868
4633.49376210285  0.9415986
4633.53381008165  1.053463
4633.57385537022  1.089765
4633.6138979666  1.108013
4633.65393786878  1.10771
4633.69397507477  1.088203
4633.7340095826  1.072897
4633.77404139026  1.049122
4633.81407049577  1.010492
4633.85409689714  0.868578
4633.89412059237  0.6770471
4633.93414157948  0.5749257
4633.97415985647  0.6472664
4634.01417542135  0.8443877
4634.05418827212  0.9653608
4634.09419840681  0.9480051
4634.13420582341  0.7816795
4634.17421051992  0.6195026
4634.21421249436  0.5257882
4634.25421174473  0.5108458
4634.29420826903  0.6008277
4634.33420206528  0.7232041
4634.37419313147  0.855781
4634.4141814656  0.9716886
4634.45416706569  1.048233
4634.49414992973  1.088465
4634.53413005573  1.107239
4634.57410744168  1.128204
4634.6140820856  1.153859
4634.65405398547  1.154317
4634.69402313931  1.128837
4634.73398954511  1.089333
4634.77395320087  1.026459
4634.81391410459  0.9173388
4634.85387225427  0.740136
4634.8938276479  0.6021118
4634.93378028349  0.6942796
4634.97373015903  0.8891696
4635.01367727252  0.9715381
4635.05362162195  0.9966877
4635.09356320533  1.047379
4635.13350202064  1.117077
4635.17343806587  1.13554
4635.21337133903  1.131971
4635.25330183811  1.082212
4635.29322956109  0.9186375
4635.33315450597  0.6946959
4635.37307667075  0.6600537
4635.41299605341  0.8129739
4635.45291265195  0.9341596
4635.49282646435  0.9650247
4635.5327374886  1.018596
4635.5726457227  1.070833
4635.61255116463  1.082072
4635.65245381237  1.056933
4635.69235366393  0.931844
4635.73225071727  0.7557072
4635.77214497039  0.6460696
4635.81203642127  0.7006943
4635.85192506789  0.8709512
4635.89181090825  1.016719
4635.93169394032  0.9818803
4635.97157416209  0.73146
4636.01145157154  0.4716571
4636.05132616664  0.4870589
4636.09119794539  0.7654292
4636.13106690575  1.011766
4636.17093304572  1.133794
4636.21079636326  1.170973
4636.25065685635  1.160591
4636.29051452298  1.161295
4636.33036936112  1.13091
4636.37022136874  1.098137
4636.41007054383  1.026203
4636.44991688434  0.8668451
4636.48976038827  0.7215834
4636.52960105357  0.7600856
4636.56943887823  0.9304096
4636.60927386021  1.06619
4636.64910599749  1.134706
4636.68893528803  1.152097
4636.72876172981  1.137287
4636.76858532079  1.104117
4636.80840605895  1.00619
4636.84822394223  0.9332133
4636.88803896863  0.9831983
4636.92785113609  1.095707
4636.96766044259  1.155613
4637.00746688608  1.164193
4637.04727046454  1.169311
4637.08707117592  1.162222
4637.12686901818  1.157652
4637.16666398929  1.113172
4637.20645608721  1.062021
4637.24624530989  1.035188
4637.28603165529  0.9217752
4637.32581512137  0.7280625
4637.3655957061  0.625895
4637.40537340741  0.7881383
4637.44514822327  0.9926566
4637.48492015163  1.098914
4637.52468919045  1.094765
4637.56445533767  1.020459
4637.60421859125  0.7932055
4637.64397894914  0.4923022
4637.6837364093  0.3163751
4637.72349096965  0.4188773
4637.76324262817  0.6923209
4637.80299138279  0.8975484
4637.84273723146  0.9459003
4637.88248017212  0.8282171
4637.92222020272  0.6460963
4637.9619573212  0.5867326
4638.00169152551  0.6234019
4638.04142281359  0.6372851
4638.08115118337  0.6763542
4638.1208766328  0.624738
4638.16059915982  0.4341817
4638.20031876236  0.3541357
4638.24003543836  0.5512918
4638.27974918576  0.8479147
4638.31946000249  1.03017
4638.35916788649  1.133223
4638.39887283568  1.186006
4638.43857484801  1.203115
4638.4782739214  1.219247
4638.51797005379  1.228148
4638.55766324309  1.234787
4638.59735348725  1.200938
4638.63704078418  1.120981
4638.67672513182  1.019052
4638.71640652809  0.9826047
4638.75608497091  1.067091
4638.7957604582  1.122032
4638.8354329879  1.097868
4638.87510255791  1.064035
4638.91476916617  1.09006
4638.95443281058  1.163476
4638.99409348906  1.195459
4639.03375119955  1.180974
4639.07340593994  1.061773
4639.11305770815  0.9040337
4639.15270650211  0.8803796
4639.19235231971  1.017474
4639.23199515887  1.132314
4639.27163501751  1.164
4639.31127189353  1.130541
4639.35090578484  1.120474
4639.39053668934  1.10514
4639.43016460495  1.070767
4639.46978952957  0.8838239
4639.5094114611  0.5963132
4639.54903039745  0.4630947
4639.58864633651  0.5872776
4639.62825927619  0.7362056
4639.66786921438  0.7337983
4639.70747614899  0.7661633
4639.74708007792  0.8285902
4639.78668099905  0.6952188
4639.82627891028  0.5105559
4639.8658738095  0.5494448
4639.90546569462  0.82315
4639.94505456351  1.084717
4639.98464041407  1.164811
4640.02422324419  1.098873
4640.06380305176  0.8436021
4640.10337983466  0.5654113
4640.14295359077  0.5514972
4640.18252431799  0.7585719
4640.2220920142  0.9011542
4640.26165667726  0.9644733
4640.30121830508  1.016919
4640.34077689552  1.074487
4640.38033244646  1.031446
4640.41988495579  0.8306392
4640.45943442136  0.6332127
4640.49898084107  0.6965383
4640.53852421278  0.8773584
4640.57806453437  0.9689043
4640.6176018037  0.9547638
4640.65713601865  0.9208702
4640.69666717707  0.9575068
4640.73619527685  1.05984
4640.77572031584  1.151137
4640.8152422919  1.178977
4640.85476120291  1.146729
4640.89427704672  1.091513
4640.93378982119  1.067415
4640.97329952418  1.021487
4641.01280615355  1.011534
4641.05230970715  1.020992
4641.09181018284  1.009283
4641.13130757847  1.036951
4641.1708018919  1.074868
4641.21029312098  1.119306
4641.24978126355  1.135973
4641.28926631746  1.104167
4641.32874828056  0.991551
4641.3682271507  0.8063704
4641.40770292571  0.7455951
4641.44717560345  0.8224422
4641.48664518175  0.9398144
4641.52611165846  1.02154
4641.5655750314  1.062696
4641.60503529842  1.074159
4641.64449245736  1.098769
4641.68394650604  1.08576
4641.7233974423  1.110911
4641.76284526398  1.15131
4641.8022899689  1.175581
4641.84173155489  1.181479
4641.88117001978  1.191946
4641.92060536139  1.227614
4641.96003757755  1.241808
4641.99946666607  1.244982
4642.03889262479  1.253005
4642.07831545153  1.236184
4642.11773514409  1.173312
4642.1571517003  1.101223
4642.19656511797  1.099277
4642.23597539492  1.177987
4642.27538252895  1.196344
4642.31478651789  1.167488
4642.35418735953  1.083881
4642.39358505169  0.947572
4642.43297959218  0.930589
4642.4723709788  1.040845
4642.51175920934  1.160493
4642.55114428162  1.178815
4642.59052619343  1.170414
4642.62990494258  1.180007
4642.66928052686  1.176731
4642.70865294406  1.101993
4642.74802219198  1.00586
4642.78738826842  1.001565
4642.82675117116  1.092983
4642.86611089799  1.167267
4642.9054674467  1.178287
4642.94482081508  1.180696
4642.98417100092  1.163046
4643.02351800199  1.161482
4643.06286181607  1.1849
4643.10220244096  1.222168
4643.14153987442  1.211693
4643.18087411422  1.213697
4643.22020515816  1.220607
4643.259533004  1.1872
4643.29885764951  1.100465
4643.33817909247  0.9222952
4643.37749733063  0.8340655
4643.41681236178  0.9546602
4643.45612418366  1.11408
4643.49543279406  1.143401
4643.53473819073  1.073109
4643.57404037142  0.8580074
4643.6133393339  0.5596547
4643.65263507593  0.447952
4643.69192759526  0.6244946
4643.73121688965  0.896007
4643.77050295684  1.044045
4643.80978579459  1.008557
4643.84906540064  0.8909219
4643.88834177275  0.8083215
4643.92761490865  0.8629876
4643.96688480609  0.9452077
4644.00615146282  1.011319
4644.04541487657  1.021029
4644.08467504508  1.014282
4644.12393196609  1.03032
4644.16318563733  1.048592
4644.20243605653  1.065033
4644.24168322143  1.070898
4644.28092712976  1.081278
4644.32016777924  1.087418
4644.3594051676  1.076758
4644.39863929256  1.067595
4644.43787015185  1.061991
4644.47709774319  1.045402
4644.51632206429  1.040467
4644.55554311287  1.062699
4644.59476088665  1.049294
4644.63397538335  1.009491
4644.67318660067  0.9521745
4644.71239453631  0.9785844
4644.751599188  1.049538
4644.79080055344  1.132691
4644.82999863033  1.146649
4644.86919341637  1.158284
4644.90838490927  1.157787
4644.94757310672  1.145745
4644.98675800642  1.11301
4645.02593960606  1.14169
4645.06511790335  1.170634
4645.10429289596  1.159945
4645.14346458159  1.166895
4645.18263295793  1.175104
4645.22179802266  1.151455
4645.26095977347  1.081918
4645.30011820804  0.9194179
4645.33927332404  0.6833907
4645.37842511916  0.6086903
4645.41757359107  0.7401909
4645.45671873745  0.9423465
4645.49586055597  1.062404
4645.5349990443  1.110072
4645.57413420011  1.090149
4645.61326602106  1.005358
4645.65239450482  0.9500256
4645.69151964905  0.9689007
4645.73064145142  1.041547
4645.76975990957  1.089373
4645.80887502117  1.136283
4645.84798678388  1.138138
4645.88709519534  1.101513
4645.92620025321  1.026617
4645.96530195514  1.028757
4646.00440029876  1.098484
4646.04349528174  1.158749
4646.0825869017  1.15961
4646.12167515629  1.138092
4646.16076004316  1.11358
4646.19984155992  1.04186
4646.23891970424  0.8963697
4646.27799447372  0.5955504
4646.31706586601  0.3172306
4646.35613387874  0.2501557
4646.39519850952  0.4332809
4646.43425975599  0.7224181
4646.47331761576  0.8862439
4646.51237208646  0.8385792
4646.55142316571  0.7313996
4646.59047085112  0.7103782
4646.62951514031  0.7496161
4646.66855603089  0.8120968
4646.70759352046  0.9143037
4646.74662760664  0.8818576
4646.78565828704  0.7209612
4646.82468555925  0.6054659
4646.86370942088  0.680402
4646.90272986953  0.7270279
4646.94174690279  0.6754806
4646.98076051827  0.758832
4647.01977071354  0.9248863
4647.05877748622  1.053461
4647.09778083387  1.116928
4647.1367807541  1.158767
4647.17577724448  1.19794
4647.2147703026  1.213848
4647.25375992604  1.186553
4647.29274611237  1.084331
4647.33172885918  0.920642
4647.37070816403  0.8115037
4647.4096840245  0.7689134
4647.44865643815  0.7304803
4647.48762540257  0.7558178
4647.52659091529  0.7378144
4647.56555297391  0.5467183
4647.60451157596  0.3391317
4647.64346671901  0.3782939
4647.68241840063  0.6066528
4647.72136661835  0.8358209
4647.76031136974  0.9704115
4647.79925265233  1.043202
4647.83819046369  1.076332
4647.87712480135  1.074591
4647.91605566286  1.038525
4647.95498304576  1.008065
4647.99390694758  0.9365472
4648.03282736587  0.8328409
4648.07174429815  0.7329648
4648.11065774196  0.6206373
4648.14956769482  0.6269947
4648.18847415427  0.7582431
4648.22737711782  0.841925
4648.266276583  0.7314233
4648.30517254733  0.6497331
4648.34406500833  0.8345639
4648.38295396352  1.031776
4648.4218394104  1.126639
4648.46072134648  1.148081
4648.49959976928  1.128587
4648.5384746763  1.152729
4648.57734606504  1.181715
4648.61621393301  1.217548
4648.6550782777  1.22542
4648.69393909662  1.155646
4648.73279638724  1.017364
4648.77165014708  0.7376902
4648.81050037361  0.4681724
4648.84934706433  0.42025
4648.88819021671  0.6498487
4648.92702982825  0.8915586
4648.96586589641  0.888632
4649.00469841868  0.7038544
4649.04352739254  0.593348
4649.08235281545  0.6157706
4649.12117468489  0.6963576
4649.15999299832  0.8347297
4649.19880775321  1.005283
4649.23761894702  1.114112
4649.27642657722  1.160986
4649.31523064126  1.166312
4649.35403113659  1.161578
4649.39282806068  1.193558
4649.43162141096  1.195517
4649.4704111849  1.179475
4649.50919737993  1.13344
4649.54797999349  0.9618589
4649.58675902304  0.7539102
4649.62553446601  0.6971186
4649.66430631982  0.819512
4649.70307458193  0.9060447
4649.74183924975  0.8788442
4649.78060032072  0.8133831
4649.81935779226  0.7794698
4649.85811166179  0.8266055
4649.89686192675  0.8703607
4649.93560858453  0.8297236
4649.97435163257  0.7094522
4650.01309106827  0.7061843
4650.05182688905  0.910533
4650.0905590923  1.020322
4650.12928767545  0.9171699
4650.16801263589  0.6628128
4650.20673397101  0.655592
4650.24545167823  0.7924749
4650.28416575493  0.9224287
4650.32287619851  1.025943
4650.36158300636  1.067198
4650.40028617586  1.039525
4650.43898570441  0.936346
4650.47768158937  0.8470086
4650.51637382814  0.8841125
4650.55506241809  1.034917
4650.59374735659  1.128466
4650.63242864102  1.148084
4650.67110626874  1.067277
4650.70978023713  0.9940125
4650.74845054354  1.008373
4650.78711718534  1.099457
4650.82578015988  1.174101
4650.86443946453  1.179714
4650.90309509663  1.17108
4650.94174705354  1.142574
4650.9803953326  1.107732
4651.01903993116  1.103833
4651.05768084656  1.118585
4651.09631807615  1.126713
4651.13495161725  1.115877
4651.17358146722  1.082588
4651.21220762336  1.044356
4651.25083008302  1.028899
4651.28944884353  1.004574
4651.32806390219  1.003077
4651.36667525635  0.8822184
4651.40528290331  0.6095316
4651.44388684039  0.3241489
4651.48248706491  0.2866615
4651.52108357416  0.5033948
4651.55967636547  0.7708369
4651.59826543614  0.9682489
4651.63685078346  1.027346
4651.67543240474  1.046793
4651.71401029727  1.063758
4651.75258445835  1.078381
4651.79115488527  1.07562
4651.8297215753  1.116187
4651.86828452575  1.129369
4651.90684373389  1.150436
4651.94539919701  1.13525
4651.98395091237  1.173745
4652.02249887726  1.130785
4652.06104308894  1.137445
4652.09958354468  1.159683
4652.13812024175  1.128944
4652.17665317741  1.094818
4652.21518234892  0.9826413
4652.25370775354  0.7469539
4652.29222938851  0.4312892
4652.3307472511  0.2298564
4652.36926133855  0.2295354
4652.40777164811  0.4063479
4652.44627817701  0.6705521
4652.48478092251  0.9080325
4652.52327988183  1.058098
4652.56177505221  1.11092
4652.60026643088  1.072899
4652.63875401506  1.048923
4652.67723780199  1.055399
4652.71571778889  1.085613
4652.75419397297  1.08569
4652.79266635146  1.072197
4652.83113492156  1.077283
4652.86959968049  1.071959
4652.90806062545  1.070166
4652.94651775365  1.074978
4652.98497106229  1.082214
4653.02342054858  1.116775
4653.0618662097  1.104239
4653.10030804284  1.104447
4653.13874604521  1.111304
4653.17718021398  1.09846
4653.21561054634  1.092497
4653.25403703947  1.110626
4653.29245969055  1.111185
4653.33087849676  1.117437
4653.36929345526  1.115276
4653.40770456322  1.068674
4653.44611181782  1.007132
4653.48451521621  0.9267457
4653.52291475556  0.85574
4653.56131043302  0.7968606
4653.59970224574  0.7441818
4653.63809019088  0.6149925
4653.67647426559  0.5937331
4653.714854467  0.7641781
4653.75323079226  0.9524829
4653.79160323852  1.061843
4653.8299718029  1.065795
4653.86833648253  1.061106
4653.90669727456  1.054271
4653.9450541761  1.034326
4653.98340718428  1.038393
4654.02175629621  1.051226
4654.06010150902  1.05626
4654.09844281982  1.068251
4654.13678022571  1.057354
4654.17511372382  1.042637
4654.21344331124  1.009097
4654.25176898507  0.918742
4654.29009074242  0.7517681
4654.32840858037  0.6453865
4654.36672249602  0.7329001
4654.40503248646  0.87542
4654.44333854878  0.9009857
4654.48164068006  0.9115734
4654.51993887737  0.9292491
4654.5582331378  0.8843623
4654.59652345842  0.6740842
4654.63480983629  0.4153181
4654.67309226849  0.2184985
4654.71137075208  0.1873258
4654.74964528411  0.2013131
4654.78791586165  0.1946092
4654.82618248175  0.2427657
4654.86444514147  0.3173335
4654.90270383784  0.4849708
4654.94095856792  0.670315
4654.97920932874  0.8547287
4655.01745611734  0.9643013
4655.05569893076  1.019174
4655.09393776603  1.052491
4655.13217262018  1.055162
4655.17040349023  1.049206
4655.20863037321  1.055957
4655.24685326613  1.009392
4655.28507216601  1.008902
4655.32328706986  0.9570984
4655.36149797469  0.9160026
4655.39970487751  0.8606051
4655.43790777531  0.8429462
4655.4761066651  0.8988587
4655.51430154387  0.9716617
4655.55249240861  0.9821136
4655.59067925632  0.9736162
4655.62886208398  0.9596366
4655.66704088857  0.9287097
4655.70521566707  0.9413353
4655.74338641645  0.9294906
4655.7815531337  0.798593
4655.81971581577  0.6507363
4655.85787445963  0.6244941
4655.89602906226  0.6692747
4655.93417962059  0.6554507
4655.9723261316  0.7040551
4656.01046859223  0.8178248
4656.04860699943  0.9342311
4656.08674135015  0.9476828
4656.12487164132  0.9269621
4656.1629978699  0.808093
4656.20112003281  0.6798285
4656.23923812699  0.6471552
4656.27735214935  0.7563882
4656.31546209684  0.7141919
4656.35356796637  0.6333489
4656.39166975486  0.6829344
4656.42976745923  0.8182185
4656.46786107638  0.9108247
4656.50595060322  0.9559553
4656.54403603666  0.8647864
4656.5821173736  0.6037787
4656.62019461094  0.3567533
4656.65826774557  0.2716147
4656.69633677439  0.4239652
4656.73440169427  0.6614848
4656.77246250211  0.8291849
4656.81051919478  0.8676149
4656.84857176916  0.9203804
4656.88662022213  0.9458262
4656.92466455055  0.9880396
4656.96270475129  0.9663261
4657.00074082121  0.983469
4657.03877275718  0.9635741
4657.07680055605  0.8821078
4657.11482421467  0.756629
4657.15284372988  0.6559185
4657.19085909855  0.7434834
4657.2288703175  0.8743162
4657.26687738358  0.9107476
4657.30488029362  0.7995169
4657.34287904444  0.5881047
4657.38087363289  0.4877984
4657.41886405578  0.605095
4657.45685030994  0.78792
4657.49483239217  0.8534046
4657.5328102993  0.8739831
4657.57078402813  0.8831678
4657.60875357548  0.9170909
4657.64671893813  0.9064074
4657.68468011289  0.8257023
4657.72263709657  0.6540791
4657.76058988594  0.5292621
4657.79853847779  0.6261378
4657.83648286892  0.8353207
4657.87442305609  0.9625354
4657.91235903611  1.026617
4657.95029080572  0.9802725
4657.9882183617  0.9678075
4658.02614170082  0.9779849
4658.06406081984  0.9861454
4658.10197571552  0.9968561
4658.13988638462  1.004322
4658.17779282389  0.9914663
4658.21569503007  0.9820542
4658.25359299991  0.9538578
4658.29148673016  0.9455149
4658.32937621754  0.924264
4658.36726145879  0.9383929
4658.40514245064  0.8343268
4658.44301918982  0.6850923
4658.48089167304  0.6301676
4658.51875989703  0.7546026
4658.55662385851  0.8917012
4658.59448355417  0.9696388
4658.63233898074  0.9120345
4658.6701901349  0.9476599
4658.70803701338  0.9276294
4658.74587961285  0.9182556
4658.78371793001  0.888073
4658.82155196155  0.8766355
4658.85938170416  0.8760838
4658.89720715451  0.8692452
4658.93502830928  0.8955849
4658.97284516515  0.8609557
4659.01065771879  0.8610575
4659.04846596686  0.8570335
4659.08626990602  0.8617479
4659.12406953293  0.9152954
4659.16186484425  0.9319114
4659.19965583663  0.9607242
4659.2374425067  0.9449785
4659.27522485113  0.9670904
4659.31300286654  0.9896386
4659.35077654958  0.9534248
4659.38854589686  0.9680511
4659.42631090503  0.9737246
4659.4640715707  1.01909
4659.5018278905  1.000021
4659.53957986103  0.9671358
4659.57732747892  0.9438353
4659.61507074077  0.9619361
4659.65280964318  0.946721
4659.69054418276  0.9612855
4659.72827435611  0.9544664
4659.76600015981  0.9868766
4659.80372159045  0.9871497
4659.84143864462  0.9970677
4659.8791513189  1.008571
4659.91685960988  0.9835871
4659.95456351411  1.007493
4659.99226302817  1.010282
4660.02995814863  1.034156
4660.06764887205  0.954312
4660.10533519498  0.9773902
4660.14301711398  0.9563462
4660.1806946256  0.9673514
4660.21836772638  0.9860337
4660.25603641287  1.001813
4660.2937006816  1.013528
4660.33136052911  1.032173
4660.36901595193  1.038548
4660.40666694658  1.031769
4660.44431350958  1.025213
4660.48195563746  1.035839
4660.51959332673  0.9766635
4660.55722657389  0.8254449
4660.59485537545  0.7246678
4660.63247972792  0.7859738
4660.6700996278  0.8468329
4660.70771507156  0.9311965
4660.74532605572  1.000327
4660.78293257675  0.9917001
4660.82053463113  0.9766263
4660.85813221534  1.002166
4660.89572532586  0.9670265
4660.93331395915  0.9749091
4660.97089811168  0.9534432
4661.00847777991  0.8383707
4661.0460529603  0.7563098
4661.08362364931  0.6976713
4661.12118984337  0.7876375
4661.15875153895  0.910952
4661.19630873247  0.9531686
4661.23386142037  0.9955156
4661.27140959909  0.9870595
4661.30895326506  0.9202529
4661.3464924147  0.9325361
4661.38402704443  0.9409086
4661.42155715067  0.9171798
4661.45908272983  0.871947
4661.49660377832  0.8290421
4661.53412029253  0.8728236
4661.57163226889  0.9066356
4661.60913970376  0.8916175
4661.64664259356  0.7859256
4661.68414093467  0.63155
4661.72163472346  0.552933
4661.75912395633  0.6997071
4661.79660862963  0.82398
4661.83408873975  0.9109234
4661.87156428305  0.8858729
4661.9090352559  0.8734691
4661.94650165465  0.8541514
4661.98396347565  0.8158621
4662.02142071526  0.8170406
4662.05887336981  0.7481791
4662.09632143566  0.5652466
4662.13376490914  0.4253438
4662.17120378657  0.4401639
4662.2086380643  0.5718064
4662.24606773865  0.6548126
4662.28349280592  0.7606109
4662.32091326245  0.7899173
4662.35832910454  0.8181419
4662.39574032849  0.8353382
4662.43314693062  0.8600727
4662.47054890722  0.8453625
4662.50794625459  0.8139566
4662.54533896901  0.8456053
4662.58272704677  0.8099992
4662.62011048416  0.7257757
4662.65748927744  0.6306002
4662.6948634229  0.5838861
4662.7322329168  0.6690362
4662.76959775541  0.7318839
4662.80695793498  0.7515926
4662.84431345178  0.7409312
4662.88166430205  0.6485988
4662.91901048203  0.6288828
4662.95635198799  0.6858263
4662.99368881614  0.7566332
4663.03102096273  0.8442892
4663.06834842399  0.8900466
4663.10567119614  0.879375
4663.1429892754  0.8502156
4663.18030265799  0.8054191
4663.21761134011  0.8488448
4663.25491531799  0.7501627
4663.29221458782  0.6210426
4663.3295091458  0.5102055
4663.36679898812  0.4906721
4663.40408411098  0.5202839
4663.44136451056  0.5042989
4663.47864018305  0.4921018
4663.51591112461  0.5195878
4663.55317733143  0.5287682
4663.59043879967  0.5726435
4663.62769552549  0.6997924
4663.66494750505  0.8861864
4663.70219473452  0.9935742
4663.73943721003  1.023139
4663.77667492774  1.063055
4663.81390788378  1.009969
4663.85113607429  0.9635389
4663.88835949541  0.9738534
4663.92557814327  1.001622
4663.96279201398  0.9656008
4664.00000110366  0.9875836
4664.03720540844  1.040463
4664.07440492442  1.07937
4664.1115996477  1.058318
4664.14878957439  1.068202
4664.18597470058  1.224987
4664.22315502237  1.318904
4664.26033053584  1.396136
4664.29750123708  1.400802
4664.33466712216  1.30396
4664.37182818716  1.380534
4664.40898442815  1.292558
4664.44613584119  1.302214
4664.48328242233  1.278237
4664.52042416765  1.239622
4664.55756107319  1.140509
4664.59469313499  1.076056
4664.6318203491  1.004011
4664.66894271155  1.013644
4664.70606021838  1.047993
4664.74317286562  1.081909
4664.78028064928  1.012659
4664.81738356539  1.058728
4664.85448160997  0.9439196
4664.89157477901  0.742388
4664.92866306853  0.6316321
4664.96574647453  0.6367071
4665.002824993  0.7193837
4665.03989861994  0.9017727
4665.07696735132  1.156025
4665.11403118314  1.361669
4665.15109011137  1.479659
4665.18814413198  1.444446
4665.22519324093  1.301186
4665.26223743421  1.26077
4665.29927670775  1.002531
4665.33631105752  0.8962751
4665.37334047946  0.7671364
4665.41036496952  0.7663888
4665.44738452365  0.7651652
4665.48439913776  0.7372835
4665.5214088078  0.7191048
4665.55841352969  0.7851226
4665.59541329935  0.7280439
4665.6324081127  0.8644779
4665.66939796565  0.8165526
4665.7063828541  0.8086874
4665.74336277395  0.7145212
4665.78033772112  0.8380643
4665.81730769148  0.7769698
4665.85427268092  0.7357153
4665.89123268534  0.5749563
4665.9281877006  0.6368936
4665.96513772258  0.5940795
4666.00208274714  0.4280137
4666.03902277016  0.4518971
4666.07595778749  0.4899195
4666.11288779499  0.618335
4666.1498127885  0.6695743
4666.18673276387  0.7076383
4666.22364771694  0.6974915
4666.26055764355  0.6431909
4666.29746253952  0.6360534
4666.33436240068  0.6747437
4666.37125722285  0.5739299
4666.40814700185  0.8248329
4666.44503173349  0.9235101
4666.48191141357  1.125902
4666.5187860379  1.270804
4666.55565560227  1.233316
4666.59252010247  1.182919
4666.62937953429  1.045807
4666.66623389351  1.157146
4666.70308317592  1.151057
4666.73992737727  1.156989
4666.77676649334  1.201411
4666.81360051989  1.495408
