BJD RV e_RV BERV rv18 e_rv18 rv19 e_rv19 rv20 e_rv20 rv21 e_rv21 rv22 e_rv22 rv23 e_rv23 rv24 e_rv24 rv25 e_rv25 rv26 e_rv26 rv27 e_rv27 rv28 e_rv28 rv29 e_rv29 filename
2458382.319400259 -125.82704679579153 7.036300175072692 -16.77490520519418 -97.13611529249677 38.98949943222752 -139.7752194232143 36.51532307934153 -110.51341361873291 20.478022854050103 -107.6209341074923 21.421799086942027 -114.48012535404644 23.236315068209183 -106.11253428105657 20.363837086585896 -113.0375428569428 22.7125022075559 -184.46730313516142 24.597592465788257 -129.56184217899207 28.1827317877114 -144.02445087094273 29.780409033354722 -146.09251495021684 31.33624459597678 -117.10256548020307 47.67866515641789 TV00001.fits
2458382.327409518 -113.32718492532791 6.071204170299302 -16.790427597041937 -101.3080071905958 38.17186398350745 -125.00344248481541 25.34961273485271 -119.41597026032008 21.81754450461857 -71.64612058455394 26.877331792433687 -113.1816186881305 20.988474508619245 -90.54384398383802 20.37913532740602 -132.77326786378197 21.5407277114246 -134.5579980349702 22.85756061959632 -114.25389539894138 27.450244980186596 -137.9469663735011 29.289712643671365 -129.99705603179498 31.629313329086457 -89.29803220869165 44.638030755601626 TV00002.fits
2458382.3349442403 -112.1499697938993 5.997485916063259 -16.80493849267397 -83.84351248330479 40.71887386056483 -114.4737208431109 21.387572722845597 -109.9564444345307 20.842073856578814 -88.16975314744693 20.9417297959353 -95.09791967135672 21.285092998735887 -93.96928266934744 23.8474350720937 -117.13407979395492 32.92129725935595 -138.97188849852606 22.555032774817356 -136.95109811706863 28.223528031564722 -95.76489646801741 32.22231449161946 -135.73011771248386 30.945909289768075 -135.7369236876432 48.08132810266809 TV00003.fits
2458383.4830457447 180.7989199375307 15.25468773556923 -17.28140187140689 292.83164128960567 71.1191945984175 183.36037094288176 37.24602365480818 215.0751587883491 35.36192230637131 174.77681066269582 39.66451916558841 173.37018748152127 47.386787224397565 189.35493109725132 37.08481561109139 198.3483535622054 36.26932517907738 146.07106124480043 36.895290207734426 69.55923944546181 65.31290596148602 153.0855669667613 48.19705014797961 154.55403123845278 51.911607145955486 219.1996865303816 74.48460195520728 TV00004.fits
2458383.4976525735 194.80340628334136 19.242440537516938 -17.293550189159216 317.05121329734163 70.60904541427747 207.10615836862323 37.82983408546776 179.3599242452227 38.571005014827726 163.56509902398358 36.91987979015777 226.92342637546943 37.82396520195673 187.86967809070396 38.343868043902845 171.53521833903565 38.487525915472474 173.1939490216906 38.878804505459954 310.10620661152313 54.75437037957119 112.30103455543646 45.76633824436161 195.68487478581457 53.79467709080055 92.94409268525115 76.99382804340699 TV00005.fits
2458386.350557666 -119.42936279558118 8.707501147464207 -17.799328746500315 -125.3134851849488 87.45366718831983 -160.1285885406391 41.25363618876336 -120.8929017067056 43.8189519211512 -138.4382826039372 45.817835361051166 -64.16175596732545 48.77234579284397 -106.74661985111207 55.67468228989286 -102.90282231168277 43.34175836463068 -90.71841707607729 46.11211663275494 -144.51069093546135 53.291895954268725 -145.3343723599751 53.73398609812826 -82.87703277963085 66.62077412488513 -151.12738422947854 91.43819222269502 TV00006.fits
2458386.3727448187 -122.28294360733344 13.592473650771533 -17.841634747772765 -180.9070626443689 75.9447297526077 -116.3937866686238 35.80972577946936 -146.91398689477882 40.73561307870071 -92.15400575684028 39.76884120981604 -98.34250658448258 51.96227116268055 -135.70997522645217 53.423471246468495 -146.76157153727203 38.89133670104475 -122.07734380793455 39.69668441208008 -155.58888019081746 47.4469856297761 -151.29617263664457 48.59113525338522 -125.79658138764208 79.22567832256259 4.546550047856126 80.4871882714499 TV00007.fits
2458386.3871896104 -168.06669254097073 16.99171737298038 -17.86487493622901 -222.75629852220573 80.20486095232552 -88.85389930290847 38.77771932151054 -145.9290810804817 37.59073913536197 -191.41397976609878 44.826396359700325 -97.25819921562532 43.21706994821117 -0.38165858499069816 inf -127.68865287060294 40.53425018001584 -164.33988753467358 38.32710034821117 -249.68009315959839 47.760516826520615 -158.95478835106795 51.25481948493945 -255.22687535979043 57.89381066461733 -146.6318627876249 76.96977069823977 TV00008.fits
2458387.3953721337 174.9667464490992 6.641634603150149 -18.10501988494836 210.00104973527337 38.5639137611662 164.6723190951409 20.415119287342346 191.95482272938926 24.390568582241542 178.142868242444 21.575768074725218 178.39350868779877 21.113561599345765 190.81371217200822 24.68901349619553 201.43355835873712 23.149988872021094 141.22084495751182 31.832061340896015 175.55160603036492 32.71397279329245 132.23194345997067 27.999777120285785 176.34214073909953 43.0742627425955 158.842583181452 53.82750005735426 TV00009.fits
2458387.409689263 166.5330644230196 10.681292078375423 -18.126358601106517 144.45080676025486 40.18235319464227 184.92933644959396 21.89404571513061 193.84822099693935 24.682483536126103 164.72145573247997 34.75516031714782 187.08271080262116 32.41787832510066 239.89134934669434 49.512946005177916 177.60044745091213 26.77005663579672 156.70930107990827 32.71203306226135 86.03842235228534 42.44259801900949 163.02281259947713 42.903482956407515 164.65717010093013 37.08563693471523 135.44473940413832 52.75744067333658 TV00010.fits
2458387.423937064 184.72651428188112 7.743572746136564 -18.146197723426546 181.26120362274506 39.714960775911806 223.9862091875405 28.22859986532347 190.96286585514764 22.939126441787153 202.5721445964597 22.83422855593695 199.7759847167601 27.235757929482652 190.57426974023147 23.709215597563713 172.87449385984024 33.996897720208594 176.62485626669388 26.27852902221247 186.90531871838496 32.12451215448775 144.8775394992867 31.428512192081932 130.27401838986782 35.28730146253795 216.02926692961532 57.81449032842413 TV00011.fits
2458387.4381734068 187.8883868034903 5.535815950869314 -18.164594165017697 194.5289461495922 46.25569440124656 200.79971486939752 32.2159376199583 193.25776516379102 25.201759801476623 209.08852640096015 31.42239602721694 192.55498989757092 34.602635676818835 201.7008559892176 25.74618441670568 184.5135167647735 25.77271727218446 193.29526040758992 28.498962461194175 163.72784047962898 33.919450136381094 151.00079140344812 36.705079288681844 161.1912605853534 37.69256821311895 209.00117353056035 58.19375182485237 TV00012.fits
2458387.452420629 222.36616271255522 6.81181438345581 -18.180234375424362 266.9315192492539 86.62845042715391 246.6171043034974 31.14740902991245 225.0345489171633 26.7479541768438 216.09013095713905 24.551590753927403 226.5552825174362 23.933872143922382 215.66376798448505 25.009873854580817 202.70715782285313 26.16460196657076 177.10940171121158 30.23153058865654 228.3455201838724 32.88301879165292 200.50789094499387 35.030951350060306 218.5750832969159 36.92516559053668 244.25654466184056 57.75034285622205 TV00013.fits
2458387.466680351 208.2783357293487 10.588496986868991 -18.19465584278437 149.90420165981783 44.61234457421343 222.8634892064402 26.111692748448903 200.19684058254478 34.99096870484006 206.01257945880928 24.870585456472128 219.3141257485906 30.97644703639018 220.78407658858853 27.843273325698586 237.73977887195596 37.40223027059981 200.57430722206948 27.73882156642266 201.04770909579617 33.11188616693678 167.27196137055498 37.14649922935257 179.62901149458125 38.91209641548109 294.0019474524355 55.19737422438531 TV00014.fits
2458388.351228962 -49.85442439170424 9.859511199290901 -18.253257664763574 -0.47693182221794117 inf -79.08983310419157 26.68788017595958 -25.625534350702807 26.723985516025618 -64.48095990450179 32.01670815558751 -29.123399188494044 27.227166605669115 -5.694768242386288 36.06664003843163 -28.79336687079863 29.20965721130759 -107.34435512316246 29.04054858289519 -43.45434671390959 34.635537330507034 -74.52209730750705 35.73620472127109 -11.85663177256995 40.863413620494065 -78.41337573052255 59.69350758909104 TV00015.fits
2458388.365534518 -53.80871897132826 8.902396149727599 -18.278370606754695 -23.387072197914755 51.93974815154724 -93.90302332053281 26.18889069163556 -36.149610314621626 26.323471297083515 -33.820505010803366 33.808299195401446 -52.740107388220224 35.64847892467586 -42.4491708245743 27.403183376440655 -77.70276925067857 30.04265683886118 -88.9942881634155 38.45360037212158 -68.39495183469647 33.71584649035295 -72.50131352738292 35.54817771769265 -68.85500024468006 48.43953875383954 13.193184421581368 75.50906008639325 TV00016.fits
2458388.379840073 -54.77452940737598 7.598361606078817 -18.302347638483315 -50.30736398766262 46.70994716954535 -64.39457552911672 23.187939198204297 -34.73858292507231 35.411318452902734 -38.07530331748208 25.324975971200434 -33.11536501497427 28.174647212727116 -23.2141421969404 24.482031111446553 -58.41370397843271 26.27297333567779 -66.07751260124414 26.55089041244956 -78.83222041495274 31.598163473560987 -112.28795996295945 32.952541583984015 -74.08728783005661 39.576512892939405 -23.75033512961759 59.15196541137001 TV00017.fits
2458388.463716925 -88.1631398819597 8.466695799062805 -18.41704814621474 -44.49858190248857 53.093223821902214 -101.45523115986359 26.263032629891946 -73.36532703233404 28.873248688825285 -95.96204553343418 27.894015125455137 -59.081931887917115 28.341168931300736 -78.45758188750256 27.523457068101873 -86.87960888554542 29.729474657468742 -119.33030769793399 29.227187259093203 -122.29364163936987 40.197674593582214 -135.6770517657579 36.786868034880996 -94.33617800880768 44.75387572868858 -46.62019118256143 62.9065765102232 TV00018.fits
2458388.477976647 -90.07025262407446 10.097029613213161 -18.429475399184692 -83.64819290738002 59.32334299538933 -144.22515947062888 30.425431999362594 -68.48953106184007 35.99197452533348 -59.8671237560816 52.46195785556193 -43.47700099647412 42.484984580000834 -92.4596876189998 38.91892622095989 -75.49064586043579 32.433608859303526 -99.40296138067599 34.46470052669367 -147.22668495922932 46.243436926758115 -127.16129016163036 45.74515748766162 -93.7434963664312 48.50375084503148 -45.65125694908656 62.130294274172904 TV00019.fits
2458388.4996201657 -101.18566354865015 10.39696107590129 -18.444586317229337 -137.88584582729297 58.60222783667864 -98.98378111488131 24.554203963004138 -50.20594276712781 26.81747046946653 -82.73352195591907 26.167282593865064 -76.50232069279828 25.908902031364345 -93.55731149684776 24.951730004259574 -94.7808617996432 28.99637954843864 -116.13504754690304 28.461835709488486 -171.29719355107176 48.275176705946535 -143.67390664667477 34.85707845117015 -95.11928805196271 44.551213313816206 -53.35294113267904 61.530564463497605 TV00020.fits
2458389.4131618324 87.69593290117054 6.177224247697695 -18.57460518298135 119.54782649294508 51.008682960273646 90.83550998151885 25.843879793748837 120.09090367597679 25.232056834633113 64.52349115041011 26.170788974015743 90.74294565001738 25.816176494162548 79.90459348720697 25.372242915105545 116.521523811842 27.782498262349385 68.29555396908903 26.617431102771942 64.36789576653605 31.41028341167212 63.11787362169752 33.26978980600896 87.08524745395097 35.68693307952114 87.31782975285581 52.381285237983775 TV00021.fits
2458389.427432666 93.6034289310859 8.269179891281178 -18.593534788189015 144.22655020249735 54.50248438541309 66.37489983108794 26.83408600086752 100.02232882447265 30.305950831851227 83.9915638277563 26.940251533133303 114.37076790177149 29.60504095642851 102.75861860018823 28.694807245500897 136.11993368101488 30.20228258371479 74.2560907000446 31.095382818213576 108.43051926289633 35.300089579188615 61.52679317321574 35.95268170546612 71.58615423125734 40.729773829838166 59.57692693682823 52.761902077946324 TV00022.fits
2458389.4416919253 97.23254296870222 9.559452073105652 -18.610540969666737 170.14677629471237 60.50727175885494 90.81781199659 31.041256598508475 102.489737577981 29.772622570940573 80.02376081121997 30.65185008234358 139.39589728707384 32.289516202138316 114.73560384673051 29.910881780126825 111.14705923263425 30.988931569317476 51.68486094392405 32.8133260139606 92.02301066746638 36.820517533494865 70.22250226748619 39.682155942386984 70.63387276885334 44.05109496044398 73.46962192975478 60.67660338332203 TV00023.fits
2458389.455962411 112.50416300084675 9.591637557349014 -18.62573540424153 162.81080814055937 64.69822402549738 107.33952434708935 28.494048754552427 132.06292493905218 28.64711702694409 103.87977090241516 30.787113613796244 150.54064183110978 30.162121610632504 112.06586863962494 31.09853641720644 97.46880885955007 31.58761108749504 67.33108782945821 30.969791264656305 78.12881489705451 37.25529603478875 111.89349752636542 36.81607776543412 159.26818648836476 41.54254184480781 67.26002160951727 53.65845963501144 TV00024.fits
