5030.7001 0.0000
5030.7501 1.0000
5031.0102 1.0000
5031.0602 0.0000
5035.7401 0.0000
5035.7901 1.0000
5036.2001 1.0000
5036.2501 0.0000
5036.4901 0.0000
5036.5401 1.0000
5037.2699 1.0000
5037.3199 0.0000
5037.5302 0.0000
5037.5802 1.0000
5037.8202 1.0000
5037.8702 0.0000
5038.5102 0.0000
5038.5602 1.0000
5039.3002 1.0000
5039.3502 0.0000
5039.5102 0.0000
5039.5602 1.0000
5039.8300 1.0000
5039.8800 0.0000
5040.0902 0.0000
5040.1402 1.0000
5040.3798 1.0000
5040.4298 0.0000
5040.9599 0.0000
5041.0099 1.0000
5041.2602 1.0000
5041.3102 0.0000
5042.6200 0.0000
5042.6700 1.0000
5042.9301 1.0000
5042.9801 0.0000
5043.1098 0.0000
5043.1598 1.0000
5043.6898 1.0000
5043.7398 0.0000
5044.1200 0.0000
5044.1700 1.0000
5044.6498 1.0000
5044.6998 0.0000
5045.1698 0.0000
5045.2198 1.0000
5045.5302 1.0000
5045.5802 0.0000
5053.6000 0.0000
5053.6500 1.0000
5053.9198 1.0000
5053.9698 0.0000
5057.6298 0.0000
5057.6798 1.0000
5057.9999 1.0000
5058.0499 0.0000
5058.8002 0.0000
5058.8502 1.0000
5059.1601 1.0000
5059.2101 0.0000
5059.4501 0.0000
5059.5001 1.0000
5059.7802 1.0000
5059.8302 0.0000
5061.2201 0.0000
5061.2701 1.0000
5061.5702 1.0000
5061.6202 0.0000
5062.3598 0.0000
5062.4098 1.0000
5062.6400 1.0000
5062.6900 0.0000
5067.1498 0.0000
5067.1998 1.0000
5067.5102 1.0000
5067.5602 0.0000
5067.6200 0.0000
5067.6700 1.0000
5067.9101 1.0000
5067.9601 0.0000
5068.3100 0.0000
5068.3600 1.0000
5068.7499 1.0000
5068.7999 0.0000
5074.0800 0.0000
5074.1300 1.0000
5074.4599 1.0000
5074.5099 0.0000
5077.6698 0.0000
5077.7198 1.0000
5078.0302 1.0000
5078.0802 0.0000
5078.6698 0.0000
5078.7198 1.0000
5078.9901 1.0000
5079.0401 0.0000
5080.3500 0.0000
5080.4000 1.0000
5080.7001 1.0000
5080.7501 0.0000
5085.0502 0.0000
5085.1002 1.0000
5085.3598 1.0000
5085.4098 0.0000
5087.8598 0.0000
5087.9098 1.0000
5088.1801 1.0000
5088.2301 0.0000
5093.7699 0.0000
5093.8199 1.0000
5094.0702 1.0000
5094.1202 0.0000
5410.8202 0.0000
5410.8702 1.0000
5411.1200 1.0000
5411.1700 0.0000
5414.4398 0.0000
5414.4898 1.0000
5414.7201 1.0000
5414.7701 0.0000
5415.6698 0.0000
5415.7198 1.0000
5416.0102 1.0000
5416.0602 0.0000
5420.7099 0.0000
5420.7599 1.0000
5421.0199 1.0000
5421.0699 0.0000
5424.2602 0.0000
5424.3102 1.0000
5424.6000 1.0000
5424.6500 0.0000
5436.9101 0.0000
5436.9601 1.0000
5437.2401 1.0000
5437.2901 0.0000
5438.4301 0.0000
5438.4801 1.0000
5438.7299 1.0000
5438.7799 0.0000
5449.4301 0.0000
5449.4801 1.0000
5449.7299 1.0000
5449.7799 0.0000
5457.7099 0.0000
5457.7599 1.0000
5458.0399 1.0000
5458.0899 0.0000
5460.7602 0.0000
5460.8102 1.0000
5461.0600 1.0000
5461.1100 0.0000
5463.7602 0.0000
5463.8102 1.0000
5464.0800 1.0000
5464.1300 0.0000
5471.5902 0.0000
5471.6402 1.0000
5471.8798 1.0000
5471.9298 0.0000
5678.1601 0.0000
5678.2101 1.0000
5678.4901 1.0000
5678.5401 0.0000
5683.1498 0.0000
5683.1998 1.0000
5683.4701 1.0000
5683.5201 0.0000
5685.1801 0.0000
5685.2301 1.0000
5685.6000 1.0000
5685.6500 0.0000
5686.8300 0.0000
5686.8800 1.0000
5687.1400 1.0000
5687.1900 0.0000
5688.8300 0.0000
5688.8800 1.0000
5689.2602 1.0000
5689.3102 0.0000
5690.9599 0.0000
5691.0099 1.0000
5691.3202 1.0000
5691.3702 0.0000
5691.6298 0.0000
5691.6798 1.0000
5692.1698 1.0000
5692.2198 0.0000
5693.7699 0.0000
5693.8199 1.0000
5694.4501 1.0000
5694.5001 0.0000
5697.3598 0.0000
5697.4098 1.0000
5697.6698 1.0000
5697.7198 0.0000
5699.5502 0.0000
5699.6002 1.0000
5699.9301 1.0000
5699.9801 0.0000
5700.0902 0.0000
5700.1402 1.0000
5700.3998 1.0000
5700.4498 0.0000
5700.6601 0.0000
5700.7101 1.0000
5701.0702 1.0000
5701.1202 0.0000
5702.0800 0.0000
5702.1300 1.0000
5702.4701 1.0000
5702.5201 0.0000
5715.4701 0.0000
5715.5201 1.0000
5715.7899 1.0000
5715.8399 0.0000
5718.8798 0.0000
5718.9298 1.0000
5719.2499 1.0000
5719.2999 0.0000
5720.9501 0.0000
5721.0001 1.0000
5721.3402 1.0000
5721.3902 0.0000
5721.9101 0.0000
5721.9601 1.0000
5722.2099 1.0000
5722.2599 0.0000
5723.3300 0.0000
5723.3800 1.0000
5723.6801 1.0000
5723.7301 0.0000
5725.2899 0.0000
5725.3399 1.0000
5725.6200 1.0000
5725.6700 0.0000
5728.2602 0.0000
5728.3102 1.0000
5728.6098 1.0000
5728.6598 0.0000
5731.0399 0.0000
5731.0899 1.0000
5731.5399 1.0000
5731.5899 0.0000
5736.9901 0.0000
5737.0401 1.0000
5737.2899 1.0000
5737.3399 0.0000
5739.0399 0.0000
5739.0899 1.0000
5739.4398 1.0000
5739.4898 0.0000
5743.5902 0.0000
5743.6402 1.0000
5743.9398 1.0000
5743.9898 0.0000
5746.3798 0.0000
5746.4298 1.0000
5746.6898 1.0000
5746.7398 0.0000
5747.1298 0.0000
5747.1798 1.0000
5747.5399 1.0000
5747.5899 0.0000
5754.3598 0.0000
5754.4098 1.0000
5754.6698 1.0000
5754.7198 0.0000
5755.6098 0.0000
5755.6598 1.0000
5755.9501 1.0000
5756.0001 0.0000
5764.8202 0.0000
5764.8702 1.0000
5765.1098 1.0000
5765.1598 0.0000
5861.0502 0.0000
5861.1002 1.0000
5861.4101 1.0000
5861.4601 0.0000
5863.0800 0.0000
5863.1300 1.0000
5863.3798 1.0000
5863.4298 0.0000
5867.1000 0.0000
5867.1500 1.0000
5867.3700 1.0000
5867.4200 0.0000
5869.0502 0.0000
5869.1002 1.0000
5869.3402 1.0000
5869.3902 0.0000
5872.0502 0.0000
5872.1002 1.0000
5872.4198 1.0000
5872.4698 0.0000
5872.7299 0.0000
5872.7799 1.0000
5873.0600 1.0000
5873.1100 0.0000
5875.0302 0.0000
5875.0802 1.0000
5875.3300 1.0000
5875.3800 0.0000
5876.6000 0.0000
5876.6500 1.0000
5876.8798 1.0000
5876.9298 0.0000
5876.9301 0.0000
5876.9801 1.0000
5877.3700 1.0000
5877.4200 0.0000
5877.5302 0.0000
5877.5802 1.0000
5878.2201 1.0000
5878.2701 0.0000
5880.6498 0.0000
5880.6998 1.0000
5880.9398 1.0000
5880.9898 0.0000
5880.9999 0.0000
5881.0499 1.0000
5881.5199 1.0000
5881.5699 0.0000
5882.1601 0.0000
5882.2101 1.0000
5882.8798 1.0000
5882.9298 0.0000
5883.2699 0.0000
5883.3199 1.0000
5883.7602 1.0000
5883.8102 0.0000
5883.9301 0.0000
5883.9801 1.0000
5884.8300 1.0000
5884.8800 0.0000
5885.2299 0.0000
5885.2799 1.0000
5885.9901 1.0000
5886.0401 0.0000
5886.9599 0.0000
5887.0099 1.0000
5888.4799 1.0000
5888.5299 0.0000
5888.5800 0.0000
5888.6300 1.0000
5889.6400 1.0000
5889.6900 0.0000
5890.1000 0.0000
5890.1500 1.0000
5890.5302 1.0000
5890.5802 0.0000
5891.0102 0.0000
5891.0602 1.0000
5892.0800 1.0000
5892.1300 0.0000
5892.2001 0.0000
5892.2501 1.0000
5892.4799 1.0000
5892.5299 0.0000
5892.5800 0.0000
5892.6300 1.0000
5893.5302 1.0000
5893.5802 0.0000
5893.7401 0.0000
5893.7901 1.0000
5894.2499 1.0000
5894.2999 0.0000
5894.4198 0.0000
5894.4698 1.0000
5895.3402 1.0000
5895.3902 0.0000
5895.8002 0.0000
5895.8502 1.0000
5896.2001 1.0000
5896.2501 0.0000
5896.3500 0.0000
5896.4000 1.0000
5896.9398 1.0000
5896.9898 0.0000
5897.8202 0.0000
5897.8702 1.0000
5900.8500 1.0000
5900.9000 0.0000
5901.2602 0.0000
5901.3102 1.0000
5901.9398 1.0000
5901.9898 0.0000
5902.3598 0.0000
5902.4098 1.0000
5903.3700 1.0000
5903.4200 0.0000
5903.4701 0.0000
5903.5201 1.0000
5904.0199 1.0000
5904.0699 0.0000
5904.9301 0.0000
5904.9801 1.0000
5905.7201 1.0000
5905.7701 0.0000
5906.5502 0.0000
5906.6002 1.0000
5907.1601 1.0000
5907.2101 0.0000
5908.4501 0.0000
5908.5001 1.0000
5910.0502 1.0000
5910.1002 0.0000
5910.3700 0.0000
5910.4200 1.0000
5911.2201 1.0000
5911.2701 0.0000
5911.5800 0.0000
5911.6300 1.0000
5912.6698 1.0000
5912.7198 0.0000
5913.3300 0.0000
5913.3800 1.0000
5913.7899 1.0000
5913.8399 0.0000
5914.0302 0.0000
5914.0802 1.0000
5914.8500 1.0000
5914.9000 0.0000
5915.5902 0.0000
5915.6402 1.0000
5916.0199 1.0000
5916.0699 0.0000
5916.3300 0.0000
5916.3800 1.0000
5916.7602 1.0000
5916.8102 0.0000
5916.8202 0.0000
5916.8702 1.0000
5917.8002 1.0000
5917.8502 0.0000
5918.0102 0.0000
5918.0602 1.0000
5918.3798 1.0000
5918.4298 0.0000
5918.8100 0.0000
5918.8600 1.0000
5919.1898 1.0000
5919.2398 0.0000
5919.4101 0.0000
5919.4601 1.0000
5921.5600 1.0000
5921.6100 0.0000
5921.6298 0.0000
5921.6798 1.0000
5922.3998 1.0000
5922.4498 0.0000
5922.6098 0.0000
5922.6598 1.0000
5922.9198 1.0000
5922.9698 0.0000
5923.0902 0.0000
5923.1402 1.0000
5923.4398 1.0000
5923.4898 0.0000
5923.7899 0.0000
5923.8399 1.0000
5924.5199 1.0000
5924.5699 0.0000
5924.6200 0.0000
5924.6700 1.0000
5926.1601 1.0000
5926.2101 0.0000
5926.2201 0.0000
5926.2701 1.0000
5926.8598 1.0000
5926.9098 0.0000
5928.0902 0.0000
5928.1402 1.0000
5928.3900 1.0000
5928.4400 0.0000
5929.6698 0.0000
5929.7198 1.0000
5930.1498 1.0000
5930.1998 0.0000
5930.2699 0.0000
5930.3199 1.0000
5930.9198 1.0000
5930.9698 0.0000
5932.0399 0.0000
5932.0899 1.0000
5932.3798 1.0000
5932.4298 0.0000
5932.4599 0.0000
5932.5099 1.0000
5932.7899 1.0000
5932.8399 0.0000
5933.4398 0.0000
5933.4898 1.0000
5933.9901 1.0000
5934.0401 0.0000
5934.1601 0.0000
5934.2101 1.0000
5934.6400 1.0000
5934.6900 0.0000
5935.5302 0.0000
5935.5802 1.0000
5935.8900 1.0000
5935.9400 0.0000
5936.6400 0.0000
5936.6900 1.0000
5936.9799 1.0000
5937.0299 0.0000
5937.2299 0.0000
5937.2799 1.0000
5937.6498 1.0000
5937.6998 0.0000
5939.3900 0.0000
5939.4400 1.0000
5939.8798 1.0000
5939.9298 0.0000
5941.3998 0.0000
5941.4498 1.0000
5943.5102 1.0000
5943.5602 0.0000
5943.7001 0.0000
5943.7501 1.0000
5944.5102 1.0000
5944.5602 0.0000
5945.7001 0.0000
5945.7501 1.0000
5946.5902 1.0000
5946.6402 0.0000
5946.6801 0.0000
5946.7301 1.0000
5947.8998 1.0000
5947.9498 0.0000
5948.2401 0.0000
5948.2901 1.0000
5948.9301 1.0000
5948.9801 0.0000
5949.6698 0.0000
5949.7198 1.0000
5950.0302 1.0000
5950.0802 0.0000
5950.2099 0.0000
5950.2599 1.0000
5952.1601 1.0000
5952.2101 0.0000
5952.3998 0.0000
5952.4498 1.0000
5952.7602 1.0000
5952.8102 0.0000
5952.9101 0.0000
5952.9601 1.0000
5953.3402 1.0000
5953.3902 0.0000
5954.9599 0.0000
5955.0099 1.0000
5955.2401 1.0000
5955.2901 0.0000
5956.3598 0.0000
5956.4098 1.0000
5956.8002 1.0000
5956.8502 0.0000
5957.7802 0.0000
5957.8302 1.0000
5958.6000 1.0000
5958.6500 0.0000
5959.2602 0.0000
5959.3102 1.0000
5960.4999 1.0000
5960.5499 0.0000
5961.4301 0.0000
5961.4801 1.0000
5961.8100 1.0000
5961.8600 0.0000
5962.8900 0.0000
5962.9400 1.0000
5963.2401 1.0000
5963.2901 0.0000
5963.8998 0.0000
5963.9498 1.0000
5964.2802 1.0000
5964.3302 0.0000
5966.3998 0.0000
5966.4498 1.0000
5966.7299 1.0000
5966.7799 0.0000
5967.6801 0.0000
5967.7301 1.0000
5968.5199 1.0000
5968.5699 0.0000
5968.7401 0.0000
5968.7901 1.0000
5970.2201 1.0000
5970.2701 0.0000
5970.4599 0.0000
5970.5099 1.0000
5970.8700 1.0000
5970.9200 0.0000
5971.4799 0.0000
5971.5299 1.0000
5971.8900 1.0000
5971.9400 0.0000
5972.7401 0.0000
5972.7901 1.0000
5973.2001 1.0000
5973.2501 0.0000
5975.7401 0.0000
5975.7901 1.0000
5976.0502 1.0000
5976.1002 0.0000
5976.5102 0.0000
5976.5602 1.0000
5977.0199 1.0000
5977.0699 0.0000
5977.9701 0.0000
5978.0201 1.0000
5979.6898 1.0000
5979.7398 0.0000
5981.6098 0.0000
5981.6598 1.0000
5981.9599 1.0000
5982.0099 0.0000
5982.6801 0.0000
5982.7301 1.0000
5983.0302 1.0000
5983.0802 0.0000
5986.6498 0.0000
5986.6998 1.0000
5987.0600 1.0000
5987.1100 0.0000
5988.4799 0.0000
5988.5299 1.0000
5988.8500 1.0000
5988.9000 0.0000
5989.5902 0.0000
5989.6402 1.0000
5989.8700 1.0000
5989.9200 0.0000
5989.9901 0.0000
5990.0401 1.0000
5990.3998 1.0000
5990.4498 0.0000
5990.7299 0.0000
5990.7799 1.0000
5991.1098 1.0000
5991.1598 0.0000
5992.0702 0.0000
5992.1202 1.0000
5992.6898 1.0000
5992.7398 0.0000
5993.4398 0.0000
5993.4898 1.0000
5993.8300 1.0000
5993.8800 0.0000
5994.5399 0.0000
5994.5899 1.0000
5994.8202 1.0000
5994.8702 0.0000
5995.9799 0.0000
5996.0299 1.0000
5996.3700 1.0000
5996.4200 0.0000
5998.7899 0.0000
5998.8399 1.0000
5999.1698 1.0000
5999.2198 0.0000
6001.1698 0.0000
6001.2198 1.0000
6001.5502 1.0000
6001.6002 0.0000
6006.1601 0.0000
6006.2101 1.0000
6006.4398 1.0000
6006.4898 0.0000
6017.3300 0.0000
6017.3800 1.0000
6017.6400 1.0000
6017.6900 0.0000
6269.1601 0.0000
6269.2101 1.0000
6269.4701 1.0000
6269.5201 0.0000
6273.9301 0.0000
6273.9801 1.0000
6274.2499 1.0000
6274.2999 0.0000
6276.8300 0.0000
6276.8800 1.0000
6277.1498 1.0000
6277.1998 0.0000
6278.0102 0.0000
6278.0602 1.0000
6282.3798 1.0000
6282.4298 0.0000
6282.4999 0.0000
6282.5499 1.0000
6283.9301 1.0000
6283.9801 0.0000
6284.0102 0.0000
6284.0602 1.0000
6284.6898 1.0000
6284.7398 0.0000
6285.2802 0.0000
6285.3302 1.0000
6285.7499 1.0000
6285.7999 0.0000
6286.0399 0.0000
6286.0899 1.0000
6286.4599 1.0000
6286.5099 0.0000
6287.2802 0.0000
6287.3302 1.0000
6287.7299 1.0000
6287.7799 0.0000
6289.2299 0.0000
6289.2799 1.0000
6289.7001 1.0000
6289.7501 0.0000
6290.6801 0.0000
6290.7301 1.0000
6291.3500 1.0000
6291.4000 0.0000
6291.6801 0.0000
6291.7301 1.0000
6292.1898 1.0000
6292.2398 0.0000
6292.3900 0.0000
6292.4400 1.0000
6292.7201 1.0000
6292.7701 0.0000
6293.6200 0.0000
6293.6700 1.0000
6294.9398 1.0000
6294.9898 0.0000
6296.1801 0.0000
6296.2301 1.0000
6296.5600 1.0000
6296.6100 0.0000
6296.6400 0.0000
6296.6900 1.0000
6297.1601 1.0000
6297.2101 0.0000
6297.4101 0.0000
6297.4601 1.0000
6297.9501 1.0000
6298.0001 0.0000
6298.7802 0.0000
6298.8302 1.0000
6299.1898 1.0000
6299.2398 0.0000
6299.9101 0.0000
6299.9601 1.0000
6300.4301 1.0000
6300.4801 0.0000
6300.6801 0.0000
6300.7301 1.0000
6301.2201 1.0000
6301.2701 0.0000
6303.4701 0.0000
6303.5201 1.0000
6303.9701 1.0000
6304.0201 0.0000
6304.2299 0.0000
6304.2799 1.0000
6304.7401 1.0000
6304.7901 0.0000
6307.2899 0.0000
6307.3399 1.0000
6307.7699 1.0000
6307.8199 0.0000
6308.0399 0.0000
6308.0899 1.0000
6308.5302 1.0000
6308.5802 0.0000
6310.9901 0.0000
6311.0401 1.0000
6311.2602 1.0000
6311.3102 0.0000
6311.3798 0.0000
6311.4298 1.0000
6311.8402 1.0000
6311.8902 0.0000
6312.1298 0.0000
6312.1798 1.0000
6312.5902 1.0000
6312.6402 0.0000
6315.7401 0.0000
6315.7901 1.0000
6316.1698 1.0000
6316.2198 0.0000
6316.4799 0.0000
6316.5299 1.0000
6316.9301 1.0000
6316.9801 0.0000
6317.8402 0.0000
6317.8902 1.0000
6318.2401 1.0000
6318.2901 0.0000
6318.7401 0.0000
6318.7901 1.0000
6319.3100 1.0000
6319.3600 0.0000
6320.3798 0.0000
6320.4298 1.0000
6320.7802 1.0000
6320.8302 0.0000
6321.1098 0.0000
6321.1598 1.0000
6321.8598 1.0000
6321.9098 0.0000
6322.9101 0.0000
6322.9601 1.0000
6323.1898 1.0000
6323.2398 0.0000
6325.2699 0.0000
6325.3199 1.0000
6325.8002 1.0000
6325.8502 0.0000
6326.0102 0.0000
6326.0602 1.0000
6326.3900 1.0000
6326.4400 0.0000
6330.4701 0.0000
6330.5201 1.0000
6330.8100 1.0000
6330.8600 0.0000
6331.1898 0.0000
6331.2398 1.0000
6331.5302 1.0000
6331.5802 0.0000
6333.6098 0.0000
6333.6598 1.0000
6333.9701 1.0000
6334.0201 0.0000
6343.9301 0.0000
6343.9801 1.0000
6344.3300 1.0000
6344.3800 0.0000
6348.5502 0.0000
6348.6002 1.0000
6349.1801 1.0000
6349.2301 0.0000
6352.2602 0.0000
6352.3102 1.0000
6352.6298 1.0000
6352.6798 0.0000
6362.8100 0.0000
6362.8600 1.0000
6363.1400 1.0000
6363.1900 0.0000
6370.0502 0.0000
6370.1002 1.0000
6370.3202 1.0000
6370.3702 0.0000
6373.1400 0.0000
6373.1900 1.0000
6373.4599 1.0000
6373.5099 0.0000
6426.5399 0.0000
6426.5899 1.0000
6426.8202 1.0000
6426.8702 0.0000
6434.5302 0.0000
6434.5802 1.0000
6434.8798 1.0000
6434.9298 0.0000
6449.4999 0.0000
6449.5499 1.0000
6449.8700 1.0000
6449.9200 0.0000
6455.7099 0.0000
6455.7599 1.0000
6456.1000 1.0000
6456.1500 0.0000
6460.2802 0.0000
6460.3302 1.0000
6460.8500 1.0000
6460.9000 0.0000
6461.2499 0.0000
6461.2999 1.0000
6462.1298 1.0000
6462.1798 0.0000
6463.4101 0.0000
6463.4601 1.0000
6463.9398 1.0000
6463.9898 0.0000
6465.0399 0.0000
6465.0899 1.0000
6465.6801 1.0000
6465.7301 0.0000
6465.9599 0.0000
6466.0099 1.0000
6466.3998 1.0000
6466.4498 0.0000
6467.7299 0.0000
6467.7799 1.0000
6468.6698 1.0000
6468.7198 0.0000
6469.1498 0.0000
6469.1998 1.0000
6469.8998 1.0000
6469.9498 0.0000
6469.9501 0.0000
6470.0001 1.0000
6470.2699 1.0000
6470.3199 0.0000
6470.9101 0.0000
6470.9601 1.0000
6471.9799 1.0000
6472.0299 0.0000
6474.0102 0.0000
6474.0602 1.0000
6474.5702 1.0000
6474.6202 0.0000
6474.7001 0.0000
6474.7501 1.0000
6475.1801 1.0000
6475.2301 0.0000
6475.7099 0.0000
6475.7599 1.0000
6476.0600 1.0000
6476.1100 0.0000
6476.5502 0.0000
6476.6002 1.0000
6477.9101 1.0000
6477.9601 0.0000
6478.1601 0.0000
6478.2101 1.0000
6479.4398 1.0000
6479.4898 0.0000
6480.7201 0.0000
6480.7701 1.0000
6481.4701 1.0000
6481.5201 0.0000
6481.5399 0.0000
6481.5899 1.0000
6482.1698 1.0000
6482.2198 0.0000
6482.5800 0.0000
6482.6300 1.0000
6482.9101 1.0000
6482.9601 0.0000
6483.2401 0.0000
6483.2901 1.0000
6483.6200 1.0000
6483.6700 0.0000
6484.7099 0.0000
6484.7599 1.0000
6485.9999 1.0000
6486.0499 0.0000
6486.2201 0.0000
6486.2701 1.0000
6486.6400 1.0000
6486.6900 0.0000
6487.1000 0.0000
6487.1500 1.0000
6487.6098 1.0000
6487.6598 0.0000
6488.2899 0.0000
6488.3399 1.0000
6488.8002 1.0000
6488.8502 0.0000
6488.9701 0.0000
6489.0201 1.0000
6489.4999 1.0000
6489.5499 0.0000
6489.5702 0.0000
6489.6202 1.0000
6489.9999 1.0000
6490.0499 0.0000
6490.6698 0.0000
6490.7198 1.0000
6491.1298 1.0000
6491.1798 0.0000
6492.2499 0.0000
6492.2999 1.0000
6492.8998 1.0000
6492.9498 0.0000
6494.3900 0.0000
6494.4400 1.0000
6495.2299 1.0000
6495.2799 0.0000
6495.9799 0.0000
6496.0299 1.0000
6496.3900 1.0000
6496.4400 0.0000
6497.3100 0.0000
6497.3600 1.0000
6497.9501 1.0000
6498.0001 0.0000
6499.0502 0.0000
6499.1002 1.0000
6499.6000 1.0000
6499.6500 0.0000
6504.2201 0.0000
6504.2701 1.0000
6504.5302 1.0000
6504.5802 0.0000
6505.1898 0.0000
6505.2398 1.0000
6505.5800 1.0000
6505.6300 0.0000
6505.7699 0.0000
6505.8199 1.0000
6506.2001 1.0000
6506.2501 0.0000
6509.2602 0.0000
6509.3102 1.0000
6509.6098 1.0000
6509.6598 0.0000
6510.1200 0.0000
6510.1700 1.0000
6510.6200 1.0000
6510.6700 0.0000
6513.5502 0.0000
6513.6002 1.0000
6514.2499 1.0000
6514.2999 0.0000
6515.2299 0.0000
6515.2799 1.0000
6515.5600 1.0000
6515.6100 0.0000
6515.8700 0.0000
6515.9200 1.0000
6516.8202 1.0000
6516.8702 0.0000
6517.3598 0.0000
6517.4098 1.0000
6517.8798 1.0000
6517.9298 0.0000
6517.9599 0.0000
6518.0099 1.0000
6519.1000 1.0000
6519.1500 0.0000
6519.5600 0.0000
6519.6100 1.0000
6520.0199 1.0000
6520.0699 0.0000
6520.6698 0.0000
6520.7198 1.0000
6521.5302 1.0000
6521.5802 0.0000
6523.7899 0.0000
6523.8399 1.0000
6524.1698 1.0000
6524.2198 0.0000
6524.8998 0.0000
6524.9498 1.0000
6525.9101 1.0000
6525.9601 0.0000
6527.4198 0.0000
6527.4698 1.0000
6527.7099 1.0000
6527.7599 0.0000
6532.1698 0.0000
6532.2198 1.0000
6532.5702 1.0000
6532.6202 0.0000
6533.8500 0.0000
6533.9000 1.0000
6534.4198 1.0000
6534.4698 0.0000
6535.5399 0.0000
6535.5899 1.0000
6536.2099 1.0000
6536.2599 0.0000
6536.2602 0.0000
6536.3102 1.0000
6536.9501 1.0000
6537.0001 0.0000
6538.2802 0.0000
6538.3302 1.0000
6538.7299 1.0000
6538.7799 0.0000
6543.8598 0.0000
6543.9098 1.0000
6544.3202 1.0000
6544.3702 0.0000
6545.3700 0.0000
6545.4200 1.0000
6546.0102 1.0000
6546.0602 0.0000
6547.3598 0.0000
6547.4098 1.0000
6547.7602 1.0000
6547.8102 0.0000
6549.2401 0.0000
6549.2901 1.0000
6549.7299 1.0000
6549.7799 0.0000
6550.1200 0.0000
6550.1700 1.0000
6550.6898 1.0000
6550.7398 0.0000
6553.6601 0.0000
6553.7101 1.0000
6553.9901 1.0000
6554.0401 0.0000
6554.1200 0.0000
6554.1700 1.0000
6554.7499 1.0000
6554.7999 0.0000
6555.3402 0.0000
6555.3902 1.0000
6555.8002 1.0000
6555.8502 0.0000
6558.7099 0.0000
6558.7599 1.0000
6559.2099 1.0000
6559.2599 0.0000
6559.7001 0.0000
6559.7501 1.0000
6560.1400 1.0000
6560.1900 0.0000
6562.0702 0.0000
6562.1202 1.0000
6562.4999 1.0000
6562.5499 0.0000
6562.7001 0.0000
6562.7501 1.0000
6563.0902 1.0000
6563.1402 0.0000
6564.0702 0.0000
6564.1202 1.0000
6564.4101 1.0000
6564.4601 0.0000
6565.0902 0.0000
6565.1402 1.0000
6565.5102 1.0000
6565.5602 0.0000
6565.6298 0.0000
6565.6798 1.0000
6566.2499 1.0000
6566.2999 0.0000
6570.3402 0.0000
6570.3902 1.0000
6570.8300 1.0000
6570.8800 0.0000
6573.6098 0.0000
6573.6598 1.0000
6574.1498 1.0000
6574.1998 0.0000
6576.3598 0.0000
6576.4098 1.0000
6576.9398 1.0000
6576.9898 0.0000
6582.3700 0.0000
6582.4200 1.0000
6582.7899 1.0000
6582.8399 0.0000
6584.9101 0.0000
6584.9601 1.0000
6585.4999 1.0000
6585.5499 0.0000
6587.3700 0.0000
6587.4200 1.0000
6587.7099 1.0000
6587.7599 0.0000
6588.0902 0.0000
6588.1402 1.0000
6588.6698 1.0000
6588.7198 0.0000
6595.9799 0.0000
6596.0299 1.0000
6596.3500 1.0000
6596.4000 0.0000
6600.9198 0.0000
6600.9698 1.0000
6601.3202 1.0000
6601.3702 0.0000
6603.7899 0.0000
6603.8399 1.0000
6604.1098 1.0000
6604.1598 0.0000
6614.2001 0.0000
6614.2501 1.0000
6614.4901 1.0000
6614.5401 0.0000
6868.5600 0.0000
6868.6100 1.0000
6882.3002 1.0000
6882.3502 0.0000
6884.8598 0.0000
6884.9098 1.0000
6886.3598 1.0000
6886.4098 0.0000
6886.6898 0.0000
6886.7398 1.0000
6893.0399 1.0000
6893.0899 0.0000
6893.2099 0.0000
6893.2599 1.0000
6896.5399 1.0000
6896.5899 0.0000
6896.9999 0.0000
6897.0499 1.0000
6899.9901 1.0000
6900.0401 0.0000
6901.0502 0.0000
6901.1002 1.0000
6903.6601 1.0000
6903.7101 0.0000
6904.3202 0.0000
6904.3702 1.0000
6904.6698 1.0000
6904.7198 0.0000
6904.7401 0.0000
6904.7901 1.0000
6905.1898 1.0000
6905.2398 0.0000
6905.3100 0.0000
6905.3600 1.0000
6908.1400 1.0000
6908.1900 0.0000
6908.7201 0.0000
6908.7701 1.0000
6909.0902 1.0000
6909.1402 0.0000
6909.3402 0.0000
6909.3902 1.0000
6909.7299 1.0000
6909.7799 0.0000
6909.8300 0.0000
6909.8800 1.0000
6912.3202 1.0000
6912.3702 0.0000
6912.7201 0.0000
6912.7701 1.0000
6913.4398 1.0000
6913.4898 0.0000
6913.6498 0.0000
6913.6998 1.0000
6914.0102 1.0000
6914.0602 0.0000
6914.4501 0.0000
6914.5001 1.0000
6916.6698 1.0000
6916.7198 0.0000
6917.2299 0.0000
6917.2799 1.0000
6917.7299 1.0000
6917.7799 0.0000
6918.1698 0.0000
6918.2198 1.0000
6918.5502 1.0000
6918.6002 0.0000
6919.1098 0.0000
6919.1598 1.0000
6921.4301 1.0000
6921.4801 0.0000
6922.1498 0.0000
6922.1998 1.0000
6922.4701 1.0000
6922.5201 0.0000
6923.0600 0.0000
6923.1100 1.0000
6923.3900 1.0000
6923.4400 0.0000
6923.6498 0.0000
6923.6998 1.0000
6924.5902 1.0000
6924.6402 0.0000
6924.7401 0.0000
6924.7901 1.0000
6926.6601 1.0000
6926.7101 0.0000
6927.2499 0.0000
6927.2999 1.0000
6927.5302 1.0000
6927.5802 0.0000
6928.2499 0.0000
6928.2999 1.0000
6929.2099 1.0000
6929.2599 0.0000
6930.3100 0.0000
6930.3600 1.0000
6932.0600 1.0000
6932.1100 0.0000
6932.2602 0.0000
6932.3102 1.0000
6932.8798 1.0000
6932.9298 0.0000
6932.9599 0.0000
6933.0099 1.0000
6934.2802 1.0000
6934.3302 0.0000
6935.1098 0.0000
6935.1598 1.0000
6936.6000 1.0000
6936.6500 0.0000
6936.8202 0.0000
6936.8702 1.0000
6937.9501 1.0000
6938.0001 0.0000
6939.2401 0.0000
6939.2901 1.0000
6940.4301 1.0000
6940.4801 0.0000
6941.1400 0.0000
6941.1900 1.0000
6942.5502 1.0000
6942.6002 0.0000
6942.6498 0.0000
6942.6998 1.0000
6943.4599 1.0000
6943.5099 0.0000
6943.6601 0.0000
6943.7101 1.0000
6944.6098 1.0000
6944.6598 0.0000
6945.2899 0.0000
6945.3399 1.0000
6946.0902 1.0000
6946.1402 0.0000
6948.2899 0.0000
6948.3399 1.0000
6948.6898 1.0000
6948.7398 0.0000
6948.9501 0.0000
6949.0001 1.0000
6949.9301 1.0000
6949.9801 0.0000
6950.5399 0.0000
6950.5899 1.0000
6951.3798 1.0000
6951.4298 0.0000
6951.5399 0.0000
6951.5899 1.0000
6951.8500 1.0000
6951.9000 0.0000
6952.3700 0.0000
6952.4200 1.0000
6953.7201 1.0000
6953.7701 0.0000
6954.7899 0.0000
6954.8399 1.0000
6956.0102 1.0000
6956.0602 0.0000
6957.3402 0.0000
6957.3902 1.0000
6957.7401 1.0000
6957.7901 0.0000
6957.8100 0.0000
6957.8600 1.0000
6958.8700 1.0000
6958.9200 0.0000
6959.1098 0.0000
6959.1598 1.0000
6959.5102 1.0000
6959.5602 0.0000
6960.9599 0.0000
6961.0099 1.0000
6961.8700 1.0000
6961.9200 0.0000
6962.7099 0.0000
6962.7599 1.0000
6963.6098 1.0000
6963.6598 0.0000
6965.3598 0.0000
6965.4098 1.0000
6965.7299 1.0000
6965.7799 0.0000
6966.1601 0.0000
6966.2101 1.0000
6967.2001 1.0000
6967.2501 0.0000
6972.1898 0.0000
6972.2398 1.0000
6973.2401 1.0000
6973.2901 0.0000
6973.5199 0.0000
6973.5699 1.0000
6973.9198 1.0000
6973.9698 0.0000
6975.1498 0.0000
6975.1998 1.0000
6975.4501 1.0000
6975.5001 0.0000
6976.2401 0.0000
6976.2901 1.0000
6976.5102 1.0000
6976.5602 0.0000
6979.0800 0.0000
6979.1300 1.0000
6979.7001 1.0000
6979.7501 0.0000
6980.9701 0.0000
6981.0201 1.0000
6981.3700 1.0000
6981.4200 0.0000
6983.0702 0.0000
6983.1202 1.0000
6983.6498 1.0000
6983.6998 0.0000
6984.0102 0.0000
6984.0602 1.0000
6984.3700 1.0000
6984.4200 0.0000
6985.8500 0.0000
6985.9000 1.0000
6986.2099 1.0000
6986.2599 0.0000
6986.5902 0.0000
6986.6402 1.0000
6987.0902 1.0000
6987.1402 0.0000
6987.4999 0.0000
6987.5499 1.0000
6987.9198 1.0000
6987.9698 0.0000
6988.0800 0.0000
6988.1300 1.0000
6988.8900 1.0000
6988.9400 0.0000
6989.4701 0.0000
6989.5201 1.0000
6990.0199 1.0000
6990.0699 0.0000
6990.4599 0.0000
6990.5099 1.0000
6991.3300 1.0000
6991.3800 0.0000
6991.7899 0.0000
6991.8399 1.0000
6992.5902 1.0000
6992.6402 0.0000
6992.7099 0.0000
6992.7599 1.0000
6993.1898 1.0000
6993.2398 0.0000
6993.4901 0.0000
6993.5401 1.0000
6993.9301 1.0000
6993.9801 0.0000
6994.4901 0.0000
6994.5401 1.0000
6994.9701 1.0000
6995.0201 0.0000
6995.0399 0.0000
6995.0899 1.0000
6996.7699 1.0000
6996.8199 0.0000
6999.5502 0.0000
6999.6002 1.0000
7001.7099 1.0000
7001.7599 0.0000
7002.6200 0.0000
7002.6700 1.0000
7002.9999 1.0000
7003.0499 0.0000
7003.8002 0.0000
7003.8502 1.0000
7004.7099 1.0000
7004.7599 0.0000
7005.9501 0.0000
7006.0001 1.0000
7008.8202 1.0000
7008.8702 0.0000
7008.9301 0.0000
7008.9801 1.0000
7009.2499 1.0000
7009.2999 0.0000
7009.4398 0.0000
7009.4898 1.0000
7009.8202 1.0000
7009.8702 0.0000
7009.9501 0.0000
7010.0001 1.0000
7010.3900 1.0000
7010.4400 0.0000
7010.9398 0.0000
7010.9898 1.0000
7011.3798 1.0000
7011.4298 0.0000
7011.4999 0.0000
7011.5499 1.0000
7012.0502 1.0000
7012.1002 0.0000
7012.3900 0.0000
7012.4400 1.0000
7013.5502 1.0000
7013.6002 0.0000
7014.0199 0.0000
7014.0699 1.0000
7014.3300 1.0000
7014.3800 0.0000
7015.1000 0.0000
7015.1500 1.0000
7015.4501 1.0000
7015.5001 0.0000
7015.5800 0.0000
7015.6300 1.0000
7015.9398 1.0000
7015.9898 0.0000
7016.6801 0.0000
7016.7301 1.0000
7018.8002 1.0000
7018.8502 0.0000
7019.0600 0.0000
7019.1100 1.0000
7019.5502 1.0000
7019.6002 0.0000
7020.5102 0.0000
7020.5602 1.0000
7020.8998 1.0000
7020.9498 0.0000
7021.0102 0.0000
7021.0602 1.0000
7021.5302 1.0000
7021.5802 0.0000
7021.8300 0.0000
7021.8800 1.0000
7022.9901 1.0000
7023.0401 0.0000
7023.2499 0.0000
7023.2999 1.0000
7023.6400 1.0000
7023.6900 0.0000
7024.2099 0.0000
7024.2599 1.0000
7024.7299 1.0000
7024.7799 0.0000
7025.0102 0.0000
7025.0602 1.0000
7025.8002 1.0000
7025.8502 0.0000
7026.4999 0.0000
7026.5499 1.0000
7026.9799 1.0000
7027.0299 0.0000
7028.0800 0.0000
7028.1300 1.0000
7030.0902 1.0000
7030.1402 0.0000
7030.7602 0.0000
7030.8102 1.0000
7031.2499 1.0000
7031.2999 0.0000
7032.3900 0.0000
7032.4400 1.0000
7032.7499 1.0000
7032.7999 0.0000
7038.8402 0.0000
7038.8902 1.0000
7039.7899 1.0000
7039.8399 0.0000
7040.9501 0.0000
7041.0001 1.0000
7042.1000 1.0000
7042.1500 0.0000
7043.4301 0.0000
7043.4801 1.0000
7043.9101 1.0000
7043.9601 0.0000
7045.4701 0.0000
7045.5201 1.0000
7045.8002 1.0000
7045.8502 0.0000
7046.1898 0.0000
7046.2398 1.0000
7046.6098 1.0000
7046.6598 0.0000
7048.5302 0.0000
7048.5802 1.0000
7049.4901 1.0000
7049.5401 0.0000
7049.7899 0.0000
7049.8399 1.0000
7050.3402 1.0000
7050.3902 0.0000
7050.8002 0.0000
7050.8502 1.0000
7051.0902 1.0000
7051.1402 0.0000
7052.1801 0.0000
7052.2301 1.0000
7053.3202 1.0000
7053.3702 0.0000
7053.6200 0.0000
7053.6700 1.0000
7053.9301 1.0000
7053.9801 0.0000
7054.0800 0.0000
7054.1300 1.0000
7054.9901 1.0000
7055.0401 0.0000
7056.4398 0.0000
7056.4898 1.0000
7056.8798 1.0000
7056.9298 0.0000
7058.0199 0.0000
7058.0699 1.0000
7059.2201 1.0000
7059.2701 0.0000
7059.8798 0.0000
7059.9298 1.0000
7060.7899 1.0000
7060.8399 0.0000
7061.3700 0.0000
7061.4200 1.0000
7061.7099 1.0000
7061.7599 0.0000
7062.1200 0.0000
7062.1700 1.0000
7062.7201 1.0000
7062.7701 0.0000
7063.2001 0.0000
7063.2501 1.0000
7063.6801 1.0000
7063.7301 0.0000
7064.5102 0.0000
7064.5602 1.0000
7064.8500 1.0000
7064.9000 0.0000
7065.1298 0.0000
7065.1798 1.0000
7065.6298 1.0000
7065.6798 0.0000
7066.3402 0.0000
7066.3902 1.0000
7066.9101 1.0000
7066.9601 0.0000
7067.3002 0.0000
7067.3502 1.0000
7067.8500 1.0000
7067.9000 0.0000
7068.0102 0.0000
7068.0602 1.0000
7068.3798 1.0000
7068.4298 0.0000
7068.5702 0.0000
7068.6202 1.0000
7068.9799 1.0000
7069.0299 0.0000
7069.6698 0.0000
7069.7198 1.0000
7070.0502 1.0000
7070.1002 0.0000
7070.3700 0.0000
7070.4200 1.0000
7070.7401 1.0000
7070.7901 0.0000
7072.3300 0.0000
7072.3800 1.0000
7072.6698 1.0000
7072.7198 0.0000
7073.7001 0.0000
7073.7501 1.0000
7074.1698 1.0000
7074.2198 0.0000
7074.2401 0.0000
7074.2901 1.0000
7074.6200 1.0000
7074.6700 0.0000
7075.2001 0.0000
7075.2501 1.0000
7075.7201 1.0000
7075.7701 0.0000
7076.6200 0.0000
7076.6700 1.0000
7077.3100 1.0000
7077.3600 0.0000
7077.3798 0.0000
7077.4298 1.0000
7077.7099 1.0000
7077.7599 0.0000
7079.3002 0.0000
7079.3502 1.0000
7080.4398 1.0000
7080.4898 0.0000
7080.5399 0.0000
7080.5899 1.0000
7080.9999 1.0000
7081.0499 0.0000
7081.2299 0.0000
7081.2799 1.0000
7081.9599 1.0000
7082.0099 0.0000
7082.6898 0.0000
7082.7398 1.0000
7083.1200 1.0000
7083.1700 0.0000
7084.4799 0.0000
7084.5299 1.0000
7084.7602 1.0000
7084.8102 0.0000
7086.7001 0.0000
7086.7501 1.0000
7087.0600 1.0000
7087.1100 0.0000
7088.0502 0.0000
7088.1002 1.0000
7088.4599 1.0000
7088.5099 0.0000
7089.7802 0.0000
7089.8302 1.0000
7090.4701 1.0000
7090.5201 0.0000
7091.4501 0.0000
7091.5001 1.0000
7091.8100 1.0000
7091.8600 0.0000
7092.4301 0.0000
7092.4801 1.0000
7092.7499 1.0000
7092.7999 0.0000
7092.9198 0.0000
7092.9698 1.0000
7093.3100 1.0000
7093.3600 0.0000
7094.8300 0.0000
7094.8800 1.0000
7095.2001 1.0000
7095.2501 0.0000
7095.7899 0.0000
7095.8399 1.0000
7096.1801 1.0000
7096.2301 0.0000
7096.7299 0.0000
7096.7799 1.0000
7097.0902 1.0000
7097.1402 0.0000
7097.3500 0.0000
7097.4000 1.0000
7097.9901 1.0000
7098.0401 0.0000
7099.4101 0.0000
7099.4601 1.0000
7099.7802 1.0000
7099.8302 0.0000
7100.6601 0.0000
7100.7101 1.0000
7101.5800 1.0000
7101.6300 0.0000
7101.8798 0.0000
7101.9298 1.0000
7102.2401 1.0000
7102.2901 0.0000
7102.4599 0.0000
7102.5099 1.0000
7102.8598 1.0000
7102.9098 0.0000
7103.3900 0.0000
7103.4400 1.0000
7103.7099 1.0000
7103.7599 0.0000
7103.9999 0.0000
7104.0499 1.0000
7104.4301 1.0000
7104.4801 0.0000
7104.9301 0.0000
7104.9801 1.0000
7105.2802 1.0000
7105.3302 0.0000
7105.7299 0.0000
7105.7799 1.0000
7106.0399 1.0000
7106.0899 0.0000
7107.6601 0.0000
7107.7101 1.0000
7108.6000 1.0000
7108.6500 0.0000
7110.8402 0.0000
7110.8902 1.0000
7111.4301 1.0000
7111.4801 0.0000
7113.1000 0.0000
7113.1500 1.0000
7113.4301 1.0000
7113.4801 0.0000
7113.6698 0.0000
7113.7198 1.0000
7114.0702 1.0000
7114.1202 0.0000
7115.7099 0.0000
7115.7599 1.0000
7116.0502 1.0000
7116.1002 0.0000
7117.2899 0.0000
7117.3399 1.0000
7117.6801 1.0000
7117.7301 0.0000
7119.9901 0.0000
7120.0401 1.0000
7120.5302 1.0000
7120.5802 0.0000
7121.5302 0.0000
7121.5802 1.0000
7121.9301 1.0000
7121.9801 0.0000
7124.2802 0.0000
7124.3302 1.0000
7124.8798 1.0000
7124.9298 0.0000
7125.7602 0.0000
7125.8102 1.0000
7126.0902 1.0000
7126.1402 0.0000
7129.5199 0.0000
7129.5699 1.0000
7130.3700 1.0000
7130.4200 0.0000
7130.8202 0.0000
7130.8702 1.0000
7131.6098 1.0000
7131.6598 0.0000
7131.9301 0.0000
7131.9801 1.0000
7132.2499 1.0000
7132.2999 0.0000
7132.6601 0.0000
7132.7101 1.0000
7133.0399 1.0000
7133.0899 0.0000
7133.5902 0.0000
7133.6402 1.0000
7133.9198 1.0000
7133.9698 0.0000
7134.6298 0.0000
7134.6798 1.0000
7134.8998 1.0000
7134.9498 0.0000
7135.8402 0.0000
7135.8902 1.0000
7136.2802 1.0000
7136.3302 0.0000
7138.9701 0.0000
7139.0201 1.0000
7139.6801 1.0000
7139.7301 0.0000
7139.8402 0.0000
7139.8902 1.0000
7140.2001 1.0000
7140.2501 0.0000
7141.9901 0.0000
7142.0401 1.0000
7142.4501 1.0000
7142.5001 0.0000
7142.8900 0.0000
7142.9400 1.0000
7143.2299 1.0000
7143.2799 0.0000
7143.8998 0.0000
7143.9498 1.0000
7144.2602 1.0000
7144.3102 0.0000
7144.6898 0.0000
7144.7398 1.0000
7145.2099 1.0000
7145.2599 0.0000
7146.8798 0.0000
7146.9298 1.0000
7147.2001 1.0000
7147.2501 0.0000
7147.9198 0.0000
7147.9698 1.0000
7148.6801 1.0000
7148.7301 0.0000
7149.2699 0.0000
7149.3199 1.0000
7149.9501 1.0000
7150.0001 0.0000
7151.4501 0.0000
7151.5001 1.0000
7153.3700 1.0000
7153.4200 0.0000
7153.5702 0.0000
7153.6202 1.0000
7153.8900 1.0000
7153.9400 0.0000
7155.1200 0.0000
7155.1700 1.0000
7155.9101 1.0000
7155.9601 0.0000
7156.8598 0.0000
7156.9098 1.0000
7157.2001 1.0000
7157.2501 0.0000
7157.2802 0.0000
7157.3302 1.0000
7157.6601 1.0000
7157.7101 0.0000
7158.1200 0.0000
7158.1700 1.0000
7158.6298 1.0000
7158.6798 0.0000
7159.4101 0.0000
7159.4601 1.0000
7159.8598 1.0000
7159.9098 0.0000
7160.4501 0.0000
7160.5001 1.0000
7161.5302 1.0000
7161.5802 0.0000
7163.3900 0.0000
7163.4400 1.0000
7164.3798 1.0000
7164.4298 0.0000
7164.4599 0.0000
7164.5099 1.0000
7164.9101 1.0000
7164.9601 0.0000
7165.4799 0.0000
7165.5299 1.0000
7167.0302 1.0000
7167.0802 0.0000
7167.2802 0.0000
7167.3302 1.0000
7171.3100 1.0000
7171.3600 0.0000
7171.5502 0.0000
7171.6002 1.0000
7173.3100 1.0000
7173.3600 0.0000
7173.4901 0.0000
7173.5401 1.0000
7176.5502 1.0000
7176.6002 0.0000
7176.9901 0.0000
7177.0401 1.0000
7181.8002 1.0000
7181.8502 0.0000
7181.9398 0.0000
7181.9898 1.0000
7182.3798 1.0000
7182.4298 0.0000
7182.7602 0.0000
7182.8102 1.0000
7185.0600 1.0000
7185.1100 0.0000
7185.3598 0.0000
7185.4098 1.0000
7191.2899 1.0000
7191.3399 0.0000
7192.4501 0.0000
7192.5001 1.0000
7209.4198 1.0000
7209.4698 0.0000
7209.5800 0.0000
7209.6300 1.0000
7210.4301 1.0000
7210.4801 0.0000
7210.9101 0.0000
7210.9601 1.0000
7212.6698 1.0000
7212.7198 0.0000
7212.7802 0.0000
7212.8302 1.0000
7213.5399 1.0000
7213.5899 0.0000
7213.7201 0.0000
7213.7701 1.0000
7214.3202 1.0000
7214.3702 0.0000
7215.6400 0.0000
7215.6900 1.0000
7216.0102 1.0000
7216.0602 0.0000
7216.3100 0.0000
7216.3600 1.0000
7217.0502 1.0000
7217.1002 0.0000
7217.2602 0.0000
7217.3102 1.0000
7221.2699 1.0000
7221.3199 0.0000
7221.9198 0.0000
7221.9698 1.0000
7222.2401 1.0000
7222.2901 0.0000
7224.6298 0.0000
7224.6798 1.0000
7226.3202 1.0000
7226.3702 0.0000
7226.8002 0.0000
7226.8502 1.0000
7227.2201 1.0000
7227.2701 0.0000
7228.8700 0.0000
7228.9200 1.0000
7230.5102 1.0000
7230.5602 0.0000
7230.6400 0.0000
7230.6900 1.0000
7230.9999 1.0000
7231.0499 0.0000
7232.1298 0.0000
7232.1798 1.0000
7233.2499 1.0000
7233.2999 0.0000
7233.3998 0.0000
7233.4498 1.0000
7238.8402 1.0000
7238.8902 0.0000
7239.6000 0.0000
7239.6500 1.0000
7240.4799 1.0000
7240.5299 0.0000
7240.7802 0.0000
7240.8302 1.0000
7243.6698 1.0000
7243.7198 0.0000
7244.6801 0.0000
7244.7301 1.0000
7250.0102 1.0000
7250.0602 0.0000
7250.4799 0.0000
7250.5299 1.0000
7251.6298 1.0000
7251.6798 0.0000
7251.7201 0.0000
7251.7701 1.0000
7253.0102 1.0000
7253.0602 0.0000
7253.3798 0.0000
7253.4298 1.0000
7256.4599 1.0000
7256.5099 0.0000
7257.7201 0.0000
7257.7701 1.0000
7258.2099 1.0000
7258.2599 0.0000
7258.2899 0.0000
7258.3399 1.0000
7268.4901 1.0000
7268.5401 0.0000
7269.8202 0.0000
7269.8702 1.0000
7270.8002 1.0000
7270.8502 0.0000
7271.2299 0.0000
7271.2799 1.0000
7273.6898 1.0000
7273.7398 0.0000
7273.8798 0.0000
7273.9298 1.0000
7281.1098 1.0000
7281.1598 0.0000
7281.3202 0.0000
7281.3702 1.0000
7282.0399 1.0000
7282.0899 0.0000
7282.1898 0.0000
7282.2398 1.0000
7283.7899 1.0000
7283.8399 0.0000
7283.8402 0.0000
7283.8902 1.0000
7284.7001 1.0000
7284.7501 0.0000
7284.8900 0.0000
7284.9400 1.0000
7285.5800 1.0000
7285.6300 0.0000
7287.1298 0.0000
7287.1798 1.0000
7287.5702 1.0000
7287.6202 0.0000
7288.2201 0.0000
7288.2701 1.0000
7288.5399 1.0000
7288.5899 0.0000
7288.7499 0.0000
7288.7999 1.0000
7290.6498 1.0000
7290.6998 0.0000
7291.4101 0.0000
7291.4601 1.0000
7298.5102 1.0000
7298.5602 0.0000
7298.8402 0.0000
7298.8902 1.0000
7299.2699 1.0000
7299.3199 0.0000
7299.8598 0.0000
7299.9098 1.0000
7300.4501 1.0000
7300.5001 0.0000
7301.2001 0.0000
7301.2501 1.0000
7303.5199 1.0000
7303.5699 0.0000
7303.7401 0.0000
7303.7901 1.0000
7308.3500 1.0000
7308.4000 0.0000
7310.3202 0.0000
7310.3702 1.0000
7313.7401 1.0000
7313.7901 0.0000
7314.0302 0.0000
7314.0802 1.0000
7315.6801 1.0000
7315.7301 0.0000
7316.2699 0.0000
7316.3199 1.0000
7316.8598 1.0000
7316.9098 0.0000
7316.9901 0.0000
7317.0401 1.0000
7318.1601 1.0000
7318.2101 0.0000
7318.4901 0.0000
7318.5401 1.0000
7321.6298 1.0000
7321.6798 0.0000
7322.5399 0.0000
7322.5899 1.0000
7323.2099 1.0000
7323.2599 0.0000
7323.3202 0.0000
7323.3702 1.0000
7323.6698 1.0000
7323.7198 0.0000
7325.6000 0.0000
7325.6500 1.0000
7326.3598 1.0000
7326.4098 0.0000
7326.4101 0.0000
7326.4601 1.0000
7326.9398 1.0000
7326.9898 0.0000
7328.5102 0.0000
7328.5602 1.0000
7329.7299 1.0000
7329.7799 0.0000
7329.8798 0.0000
7329.9298 1.0000
7330.4501 1.0000
7330.5001 0.0000
7331.0302 0.0000
7331.0802 1.0000
7331.3900 1.0000
7331.4400 0.0000
7332.4701 0.0000
7332.5201 1.0000
7333.2299 1.0000
7333.2799 0.0000
7334.5199 0.0000
7334.5699 1.0000
7336.0600 1.0000
7336.1100 0.0000
7336.9501 0.0000
7337.0001 1.0000
7337.9398 1.0000
7337.9898 0.0000
7338.8900 0.0000
7338.9400 1.0000
7339.2499 1.0000
7339.2999 0.0000
7341.1298 0.0000
7341.1798 1.0000
7341.5399 1.0000
7341.5899 0.0000
7341.9799 0.0000
7342.0299 1.0000
7342.4701 1.0000
7342.5201 0.0000
7343.1098 0.0000
7343.1598 1.0000
7343.6200 1.0000
7343.6700 0.0000
7345.5902 0.0000
7345.6402 1.0000
7347.1000 1.0000
7347.1500 0.0000
7349.1298 0.0000
7349.1798 1.0000
7349.5399 1.0000
7349.5899 0.0000
7349.7401 0.0000
7349.7901 1.0000
7350.4398 1.0000
7350.4898 0.0000
7350.9398 0.0000
7350.9898 1.0000
7352.5302 1.0000
7352.5802 0.0000
7354.6098 0.0000
7354.6598 1.0000
7355.5902 1.0000
7355.6402 0.0000
7355.6898 0.0000
7355.7398 1.0000
7356.1498 1.0000
7356.1998 0.0000
7356.3700 0.0000
7356.4200 1.0000
7356.8700 1.0000
7356.9200 0.0000
7357.9999 0.0000
7358.0499 1.0000
7358.6298 1.0000
7358.6798 0.0000
7358.7802 0.0000
7358.8302 1.0000
7359.4198 1.0000
7359.4698 0.0000
7359.7001 0.0000
7359.7501 1.0000
7360.0102 1.0000
7360.0602 0.0000
7360.5902 0.0000
7360.6402 1.0000
7361.1298 1.0000
7361.1798 0.0000
7361.9999 0.0000
7362.0499 1.0000
7364.2299 1.0000
7364.2799 0.0000
7364.3500 0.0000
7364.4000 1.0000
7364.7499 1.0000
7364.7999 0.0000
7365.3900 0.0000
7365.4400 1.0000
7366.1098 1.0000
7366.1598 0.0000
7367.0902 0.0000
7367.1402 1.0000
7368.2299 1.0000
7368.2799 0.0000
7368.4301 0.0000
7368.4801 1.0000
7368.7802 1.0000
7368.8302 0.0000
7370.1601 0.0000
7370.2101 1.0000
7372.3100 1.0000
7372.3600 0.0000
7372.6298 0.0000
7372.6798 1.0000
7372.9901 1.0000
7373.0401 0.0000
7373.2201 0.0000
7373.2701 1.0000
7373.7802 1.0000
7373.8302 0.0000
7375.1601 0.0000
7375.2101 1.0000
7375.8900 1.0000
7375.9400 0.0000
7378.0902 0.0000
7378.1402 1.0000
7378.6801 1.0000
7378.7301 0.0000
7379.6200 0.0000
7379.6700 1.0000
7380.6200 1.0000
7380.6700 0.0000
7382.3300 0.0000
7382.3800 1.0000
7382.6698 1.0000
7382.7198 0.0000
7383.3202 0.0000
7383.3702 1.0000
7383.7499 1.0000
7383.7999 0.0000
7383.8002 0.0000
7383.8502 1.0000
7384.8500 1.0000
7384.9000 0.0000
7384.9101 0.0000
7384.9601 1.0000
7386.0702 1.0000
7386.1202 0.0000
7390.3700 0.0000
7390.4200 1.0000
7390.7802 1.0000
7390.8302 0.0000
7391.3202 0.0000
7391.3702 1.0000
7391.6498 1.0000
7391.6998 0.0000
7391.9701 0.0000
7392.0201 1.0000
7392.5302 1.0000
7392.5802 0.0000
7392.9799 0.0000
7393.0299 1.0000
7393.9701 1.0000
7394.0201 0.0000
7397.7802 0.0000
7397.8302 1.0000
7399.3798 1.0000
7399.4298 0.0000
7401.1400 0.0000
7401.1900 1.0000
7401.4999 1.0000
7401.5499 0.0000
7405.6698 0.0000
7405.7198 1.0000
7406.0600 1.0000
7406.1100 0.0000
7408.1098 0.0000
7408.1598 1.0000
7408.5102 1.0000
7408.5602 0.0000
7409.9599 0.0000
7410.0099 1.0000
7410.3300 1.0000
7410.3800 0.0000
7412.1400 0.0000
7412.1900 1.0000
7412.9901 1.0000
7413.0401 0.0000
7413.0902 0.0000
7413.1402 1.0000
7413.4198 1.0000
7413.4698 0.0000
7416.4301 0.0000
7416.4801 1.0000
7416.8402 1.0000
7416.8902 0.0000
7417.3402 0.0000
7417.3902 1.0000
7417.6801 1.0000
7417.7301 0.0000
7418.1898 0.0000
7418.2398 1.0000
7418.5502 1.0000
7418.6002 0.0000
7422.8500 0.0000
7422.9000 1.0000
7423.2602 1.0000
7423.3102 0.0000
7424.6400 0.0000
7424.6900 1.0000
7424.9599 1.0000
7425.0099 0.0000
7426.4999 0.0000
7426.5499 1.0000
7426.9101 1.0000
7426.9601 0.0000
7427.4398 0.0000
7427.4898 1.0000
7428.0302 1.0000
7428.0802 0.0000
7442.5600 0.0000
7442.6100 1.0000
7442.8900 1.0000
7442.9400 0.0000
7595.0202 0.0000
7595.0702 1.0000
7664.5299 1.0000
7664.5799 0.0000
7664.6901 0.0000
7664.7401 1.0000
7665.1700 1.0000
7665.2200 0.0000
7665.4802 0.0000
7665.5302 1.0000
7669.2501 1.0000
7669.3001 0.0000
7669.3400 0.0000
7669.3900 1.0000
7669.8600 1.0000
7669.9100 0.0000
7671.0798 0.0000
7671.1298 1.0000
7671.5602 1.0000
7671.6102 0.0000
7671.7702 0.0000
7671.8202 1.0000
7674.6598 1.0000
7674.7098 0.0000
7675.0002 0.0000
7675.0502 1.0000
7675.4298 1.0000
7675.4798 0.0000
7677.8698 0.0000
7677.9198 1.0000
7680.3600 1.0000
7680.4100 0.0000
7684.3400 0.0000
7684.3900 1.0000
7686.3902 1.0000
7686.4402 0.0000
7690.0202 0.0000
7690.0702 1.0000
7690.4298 1.0000
7690.4798 0.0000
7690.8801 0.0000
7690.9301 1.0000
7692.7101 1.0000
7692.7601 0.0000
7693.3898 0.0000
7693.4398 1.0000
7693.8102 1.0000
7693.8602 0.0000
7694.6198 0.0000
7694.6698 1.0000
7695.0201 1.0000
7695.0701 0.0000
7695.4099 0.0000
7695.4599 1.0000
7695.8600 1.0000
7695.9100 0.0000
7696.6301 0.0000
7696.6801 1.0000
7697.0602 1.0000
7697.1102 0.0000
7697.5998 0.0000
7697.6498 1.0000
7698.2701 1.0000
7698.3201 0.0000
7698.6301 0.0000
7698.6801 1.0000
7699.3502 1.0000
7699.4002 0.0000
7700.1999 0.0000
7700.2499 1.0000
7700.6402 1.0000
7700.6902 0.0000
7701.4001 0.0000
7701.4501 1.0000
7701.8102 1.0000
7701.8602 0.0000
7702.9699 0.0000
7703.0199 1.0000
7703.3800 1.0000
7703.4300 0.0000
7704.5500 0.0000
7704.6000 1.0000
7705.1202 1.0000
7705.1702 0.0000
7705.5700 0.0000
7705.6200 1.0000
7706.1402 1.0000
7706.1902 0.0000
7711.7302 0.0000
7711.7802 1.0000
7712.2301 1.0000
7712.2801 0.0000
7712.7399 0.0000
7712.7899 1.0000
7713.2398 1.0000
7713.2898 0.0000
7715.5700 0.0000
7715.6200 1.0000
7715.9601 1.0000
7716.0101 0.0000
7718.1599 0.0000
7718.2099 1.0000
7718.5602 1.0000
7718.6102 0.0000
7719.1599 0.0000
7719.2099 1.0000
7719.7701 1.0000
7719.8201 0.0000
7720.1599 0.0000
7720.2099 1.0000
7720.5699 1.0000
7720.6199 0.0000
7722.1999 0.0000
7722.2499 1.0000
7722.6202 1.0000
7722.6702 0.0000
7723.3698 0.0000
7723.4198 1.0000
7723.8102 1.0000
7723.8602 0.0000
7726.4802 0.0000
7726.5302 1.0000
7726.9000 1.0000
7726.9500 0.0000
7727.6398 0.0000
7727.6898 1.0000
7728.0802 1.0000
7728.1302 0.0000
7731.0100 0.0000
7731.0600 1.0000
7731.4098 1.0000
7731.4598 0.0000
7732.1501 0.0000
7732.2001 1.0000
7732.5699 1.0000
7732.6199 0.0000
7848.1901 0.0000
7848.2401 1.0000
7848.6500 1.0000
7848.7000 0.0000
7856.6398 0.0000
7856.6898 1.0000
7857.0602 1.0000
7857.1102 0.0000
7862.6799 0.0000
7862.7299 1.0000
7863.0899 1.0000
7863.1399 0.0000
7865.0900 0.0000
7865.1400 1.0000
7865.5499 1.0000
7865.5999 0.0000
7866.3000 0.0000
7866.3500 1.0000
7866.8600 1.0000
7866.9100 0.0000
7867.5900 0.0000
7867.6400 1.0000
7869.0499 1.0000
7869.0999 0.0000
7871.7800 0.0000
7871.8300 1.0000
7872.8800 1.0000
7872.9300 0.0000
7874.6398 0.0000
7874.6898 1.0000
7875.2301 1.0000
7875.2801 0.0000
7877.1799 0.0000
7877.2299 1.0000
7877.7301 1.0000
7877.7801 0.0000
7877.9899 0.0000
7878.0399 1.0000
7879.1300 1.0000
7879.1800 0.0000
7881.7399 0.0000
7881.7899 1.0000
7882.3102 1.0000
7882.3602 0.0000
7882.5402 0.0000
7882.5902 1.0000
7883.2301 1.0000
7883.2801 0.0000
7883.8000 0.0000
7883.8500 1.0000
7884.3302 1.0000
7884.3802 0.0000
7886.8498 0.0000
7886.8998 1.0000
7887.4601 1.0000
7887.5101 0.0000
7888.0900 0.0000
7888.1400 1.0000
7888.6002 1.0000
7888.6502 0.0000
7888.6599 0.0000
7888.7099 1.0000
7889.5899 1.0000
7889.6399 0.0000
7891.1701 0.0000
7891.2201 1.0000
7891.7999 1.0000
7891.8499 0.0000
7892.3098 0.0000
7892.3598 1.0000
7892.8102 1.0000
7892.8602 0.0000
7892.9099 0.0000
7892.9599 1.0000
7893.5699 1.0000
7893.6199 0.0000
7893.6799 0.0000
7893.7299 1.0000
7894.4098 1.0000
7894.4598 0.0000
7895.2800 0.0000
7895.3300 1.0000
7896.0299 1.0000
7896.0799 0.0000
7896.7199 0.0000
7896.7699 1.0000
7898.6202 1.0000
7898.6702 0.0000
7902.6198 0.0000
7902.6698 1.0000
7903.2799 1.0000
7903.3299 0.0000
7903.4602 0.0000
7903.5102 1.0000
7904.4098 1.0000
7904.4598 0.0000
7904.7600 0.0000
7904.8100 1.0000
7905.6100 1.0000
7905.6600 0.0000
7905.6799 0.0000
7905.7299 1.0000
7906.1900 1.0000
7906.2400 0.0000
7910.4499 0.0000
7910.4999 1.0000
7911.8800 1.0000
7911.9300 0.0000
7912.5002 0.0000
7912.5502 1.0000
7913.1798 1.0000
7913.2298 0.0000
7913.8698 0.0000
7913.9198 1.0000
7914.4498 1.0000
7914.4998 0.0000
7917.4201 0.0000
7917.4701 1.0000
7918.1598 1.0000
7918.2098 0.0000
7918.4401 0.0000
7918.4901 1.0000
7919.1598 1.0000
7919.2098 0.0000
7919.3200 0.0000
7919.3700 1.0000
7920.0899 1.0000
7920.1399 0.0000
7922.3498 0.0000
7922.3998 1.0000
7923.2901 1.0000
7923.3401 0.0000
7926.0900 0.0000
7926.1400 1.0000
7926.9298 1.0000
7926.9798 0.0000
7930.1501 0.0000
7930.2001 1.0000
7932.3502 1.0000
7932.4002 0.0000
7933.5998 0.0000
7933.6498 1.0000
7934.2501 1.0000
7934.3001 0.0000
7938.9201 0.0000
7938.9701 1.0000
7939.2999 1.0000
7939.3499 0.0000
7940.9201 0.0000
7940.9701 1.0000
7941.3399 1.0000
7941.3899 0.0000
7943.6398 0.0000
7943.6898 1.0000
7944.2701 1.0000
7944.3201 0.0000
7944.6901 0.0000
7944.7401 1.0000
7945.1100 1.0000
7945.1600 0.0000
7948.6799 0.0000
7948.7299 1.0000
7949.1500 1.0000
7949.2000 0.0000
7949.5700 0.0000
7949.6200 1.0000
7950.2398 1.0000
7950.2898 0.0000
7952.7600 0.0000
7952.8100 1.0000
7953.6500 1.0000
7953.7000 0.0000
7955.6501 0.0000
7955.7001 1.0000
7956.2999 1.0000
7956.3499 0.0000
7958.0598 0.0000
7958.1098 1.0000
7958.6100 1.0000
7958.6600 0.0000
7960.2102 0.0000
7960.2602 1.0000
7961.1002 1.0000
7961.1502 0.0000
7962.0900 0.0000
7962.1400 1.0000
7963.3399 1.0000
7963.3899 0.0000
7963.4299 0.0000
7963.4799 1.0000
7964.1402 1.0000
7964.1902 0.0000
7964.4802 0.0000
7964.5302 1.0000
7965.7101 1.0000
7965.7601 0.0000
7966.1501 0.0000
7966.2001 1.0000
7967.3902 1.0000
7967.4402 0.0000
7969.9099 0.0000
7969.9599 1.0000
7971.1900 1.0000
7971.2400 0.0000
7972.4201 0.0000
7972.4701 1.0000
7972.8399 1.0000
7972.8899 0.0000
7973.3000 0.0000
7973.3500 1.0000
7974.5499 1.0000
7974.5999 0.0000
7976.0100 0.0000
7976.0600 1.0000
7976.6100 1.0000
7976.6600 0.0000
7976.8898 0.0000
7976.9398 1.0000
7977.4400 1.0000
7977.4900 0.0000
7978.5202 0.0000
7978.5702 1.0000
7979.0299 1.0000
7979.0799 0.0000
7979.9499 0.0000
7979.9999 1.0000
7980.3800 1.0000
7980.4300 0.0000
7981.8898 0.0000
7981.9398 1.0000
7982.9400 1.0000
7982.9900 0.0000
7985.9299 0.0000
7985.9799 1.0000
7986.9200 1.0000
7986.9700 0.0000
7988.0998 0.0000
7988.1498 1.0000
7988.7701 1.0000
7988.8201 0.0000
7990.0500 0.0000
7990.1000 1.0000
7990.6002 1.0000
7990.6502 0.0000
7992.5798 0.0000
7992.6298 1.0000
7993.3399 1.0000
7993.3899 0.0000
7995.7702 0.0000
7995.8202 1.0000
7996.5201 1.0000
7996.5701 0.0000
7997.7800 0.0000
7997.8300 1.0000
7998.2398 1.0000
7998.2898 0.0000
7998.4299 0.0000
7998.4799 1.0000
7998.9400 1.0000
7998.9900 0.0000
7999.5402 0.0000
7999.5902 1.0000
7999.9801 1.0000
8000.0301 0.0000
8000.0500 0.0000
8000.1000 1.0000
8001.0099 1.0000
8001.0599 0.0000
8001.0900 0.0000
8001.1400 1.0000
8001.6100 1.0000
8001.6600 0.0000
8002.0300 0.0000
8002.0800 1.0000
8003.4098 1.0000
8003.4598 0.0000
8005.1599 0.0000
8005.2099 1.0000
8005.7198 1.0000
8005.7698 0.0000
8006.5002 0.0000
8006.5502 1.0000
8007.4298 1.0000
8007.4798 0.0000
8008.5798 0.0000
8008.6298 1.0000
8010.2999 1.0000
8010.3499 0.0000
8012.7399 0.0000
8012.7899 1.0000
8013.3902 1.0000
8013.4402 0.0000
8014.1799 0.0000
8014.2299 1.0000
8016.5401 1.0000
8016.5901 0.0000
8016.6301 0.0000
8016.6801 1.0000
8017.1700 1.0000
8017.2200 0.0000
8018.4602 0.0000
8018.5102 1.0000
8018.9400 1.0000
8018.9900 0.0000
8019.3098 0.0000
8019.3598 1.0000
8019.9000 1.0000
8019.9500 0.0000
8019.9699 0.0000
8020.0199 1.0000
8020.7799 1.0000
8020.8299 0.0000
8022.1901 0.0000
8022.2401 1.0000
8023.2701 1.0000
8023.3201 0.0000
8023.9299 0.0000
8023.9799 1.0000
8024.5802 1.0000
8024.6302 0.0000
8024.8298 0.0000
8024.8798 1.0000
8026.6900 1.0000
8026.7400 0.0000
8027.0900 0.0000
8027.1400 1.0000
8027.6700 1.0000
8027.7200 0.0000
8027.8298 0.0000
8027.8798 1.0000
8028.5699 1.0000
8028.6199 0.0000
8028.7800 0.0000
8028.8300 1.0000
8029.2799 1.0000
8029.3299 0.0000
8029.6501 0.0000
8029.7001 1.0000
8031.1998 1.0000
8031.2498 0.0000
8031.3898 0.0000
8031.4398 1.0000
8031.9000 1.0000
8031.9500 0.0000
8033.1301 0.0000
8033.1801 1.0000
8033.7599 1.0000
8033.8099 0.0000
8035.4602 0.0000
8035.5102 1.0000
8036.9400 1.0000
8036.9900 0.0000
8037.2302 0.0000
8037.2802 1.0000
8037.8302 1.0000
8037.8802 0.0000
8038.2600 0.0000
8038.3100 1.0000
8039.0699 1.0000
8039.1199 0.0000
8039.8298 0.0000
8039.8798 1.0000
8040.3199 1.0000
8040.3699 0.0000
8041.4401 0.0000
8041.4901 1.0000
8042.1402 1.0000
8042.1902 0.0000
8043.0100 0.0000
8043.0600 1.0000
8043.4400 1.0000
8043.4900 0.0000
8043.8698 0.0000
8043.9198 1.0000
8044.8302 1.0000
8044.8802 0.0000
8045.0100 0.0000
8045.0600 1.0000
8046.9200 1.0000
8046.9700 0.0000
8047.3298 0.0000
8047.3798 1.0000
8048.1202 1.0000
8048.1702 0.0000
8048.4602 0.0000
8048.5102 1.0000
8048.9298 1.0000
8048.9798 0.0000
8050.8698 0.0000
8050.9198 1.0000
8051.4601 1.0000
8051.5101 0.0000
8054.3400 0.0000
8054.3900 1.0000
8054.9098 1.0000
8054.9598 0.0000
8055.0700 0.0000
8055.1200 1.0000
8055.6402 1.0000
8055.6902 0.0000
8056.2800 0.0000
8056.3300 1.0000
8057.3302 1.0000
8057.3802 0.0000
8060.7399 0.0000
8060.7899 1.0000
8061.2398 1.0000
8061.2898 0.0000
8061.4401 0.0000
8061.4901 1.0000
8062.0201 1.0000
8062.0701 0.0000
8062.2199 0.0000
8062.2699 1.0000
8062.6998 1.0000
8062.7498 0.0000
8064.0500 0.0000
8064.1000 1.0000
8064.6798 1.0000
8064.7298 0.0000
8065.1599 0.0000
8065.2099 1.0000
8065.7999 1.0000
8065.8499 0.0000
8067.1398 0.0000
8067.1898 1.0000
8067.7101 1.0000
8067.7601 0.0000
8067.8200 0.0000
8067.8700 1.0000
8068.2301 1.0000
8068.2801 0.0000
8071.8601 0.0000
8071.9101 1.0000
8072.7999 1.0000
8072.8499 0.0000
8073.0002 0.0000
8073.0502 1.0000
8073.5499 1.0000
8073.5999 0.0000
8076.6999 0.0000
8076.7499 1.0000
8077.1900 1.0000
8077.2400 0.0000
8077.4602 0.0000
8077.5102 1.0000
8078.0401 1.0000
8078.0901 0.0000
8078.2199 0.0000
8078.2699 1.0000
8078.7501 1.0000
8078.8001 0.0000
8080.4499 0.0000
8080.4999 1.0000
8081.0001 1.0000
8081.0501 0.0000
8081.1799 0.0000
8081.2299 1.0000
8082.0499 1.0000
8082.0999 0.0000
8082.2800 0.0000
8082.3300 1.0000
8082.7701 1.0000
8082.8201 0.0000
8083.4499 0.0000
8083.4999 1.0000
8083.9898 1.0000
8084.0398 0.0000
8084.1501 0.0000
8084.2001 1.0000
8084.5401 1.0000
8084.5901 0.0000
8084.9099 0.0000
8084.9599 1.0000
8085.4000 1.0000
8085.4500 0.0000
8086.5900 0.0000
8086.6400 1.0000
8088.2301 1.0000
8088.2801 0.0000
8090.6398 0.0000
8090.6898 1.0000
8091.1002 1.0000
8091.1502 0.0000
8092.3298 0.0000
8092.3798 1.0000
8093.5899 1.0000
8093.6399 0.0000
8093.8601 0.0000
8093.9101 1.0000
8094.2799 1.0000
8094.3299 0.0000
8095.7199 0.0000
8095.7699 1.0000
8097.8399 1.0000
8097.8899 0.0000
8098.0300 0.0000
8098.0800 1.0000
8099.1598 1.0000
8099.2098 0.0000
8099.4201 0.0000
8099.4701 1.0000
8100.0201 1.0000
8100.0701 0.0000
8100.3000 0.0000
8100.3500 1.0000
8101.8502 1.0000
8101.9002 0.0000
8103.0700 0.0000
8103.1200 1.0000
8103.8902 1.0000
8103.9402 0.0000
8104.1799 0.0000
8104.2299 1.0000
8104.7398 1.0000
8104.7898 0.0000
8105.0598 0.0000
8105.1098 1.0000
8105.6900 1.0000
8105.7400 0.0000
8106.6301 0.0000
8106.6801 1.0000
8107.3600 1.0000
8107.4100 0.0000
8107.8801 0.0000
8107.9301 1.0000
8108.9000 1.0000
8108.9500 0.0000
8109.1101 0.0000
8109.1601 1.0000
8110.4498 1.0000
8110.4998 0.0000
8110.8898 0.0000
8110.9398 1.0000
8111.5499 1.0000
8111.5999 0.0000
8111.7702 0.0000
8111.8202 1.0000
8113.1002 1.0000
8113.1502 0.0000
8114.0300 0.0000
8114.0800 1.0000
8115.0201 1.0000
8115.0701 0.0000
8115.2502 0.0000
8115.3002 1.0000
8117.4098 1.0000
8117.4598 0.0000
8118.7399 0.0000
8118.7899 1.0000
8119.1300 1.0000
8119.1800 0.0000
8120.0002 0.0000
8120.0502 1.0000
8121.5201 1.0000
8121.5701 0.0000
8121.9699 0.0000
8122.0199 1.0000
8122.4200 1.0000
8122.4700 0.0000
8122.5100 0.0000
8122.5600 1.0000
8124.0401 1.0000
8124.0901 0.0000
8124.1599 0.0000
8124.2099 1.0000
8126.1202 1.0000
8126.1702 0.0000
8126.2902 0.0000
8126.3402 1.0000
8126.7301 1.0000
8126.7801 0.0000
8126.9001 0.0000
8126.9501 1.0000
8128.0299 1.0000
8128.0799 0.0000
8128.6999 0.0000
8128.7499 1.0000
8129.6402 1.0000
8129.6902 0.0000
8131.7902 0.0000
8131.8402 1.0000
8134.1500 1.0000
8134.2000 0.0000
8134.2502 0.0000
8134.3002 1.0000
8134.9098 1.0000
8134.9598 0.0000
8135.0100 0.0000
8135.0600 1.0000
8137.9298 1.0000
8137.9798 0.0000
8138.0002 0.0000
8138.0502 1.0000
8139.7101 1.0000
8139.7601 0.0000
8140.6501 0.0000
8140.7001 1.0000
8141.3199 1.0000
8141.3699 0.0000
8141.5598 0.0000
8141.6098 1.0000
8144.9200 1.0000
8144.9700 0.0000
8145.3898 0.0000
8145.4398 1.0000
8147.0899 1.0000
8147.1399 0.0000
8147.8601 0.0000
8147.9101 1.0000
8152.6798 1.0000
8152.7298 0.0000
8153.3098 0.0000
8153.3598 1.0000
8153.8102 1.0000
8153.8602 0.0000
8154.0002 0.0000
8154.0502 1.0000
8161.7599 1.0000
8161.8099 0.0000
8162.5998 0.0000
8162.6498 1.0000
8168.2701 1.0000
8168.3201 0.0000
8168.3698 0.0000
8168.4198 1.0000
8169.6700 1.0000
8169.7200 0.0000
8169.7302 0.0000
8169.7802 1.0000
8173.4000 1.0000
8173.4500 0.0000
8173.5500 0.0000
8173.6000 1.0000
8174.2198 1.0000
8174.2698 0.0000
8174.8498 0.0000
8174.8998 1.0000
8176.2999 1.0000
8176.3499 0.0000
8176.4602 0.0000
8176.5102 1.0000
8177.3600 1.0000
8177.4100 0.0000
8177.6799 0.0000
8177.7299 1.0000
8182.5899 1.0000
8182.6399 0.0000
8182.6901 0.0000
8182.7401 1.0000
8185.9801 1.0000
8186.0301 0.0000
8186.1301 0.0000
8186.1801 1.0000
8186.7701 1.0000
8186.8201 0.0000
8187.3801 0.0000
8187.4301 1.0000
8193.6900 1.0000
8193.7400 0.0000
8193.9299 0.0000
8193.9799 1.0000
8196.8004 1.0000
8196.8504 0.0000
8198.6203 0.0000
8198.6703 1.0000
8204.0602 1.0000
8204.1102 0.0000
8206.6496 0.0000
8206.6996 1.0000
8207.4303 1.0000
8207.4803 0.0000
8208.7805 0.0000
8208.8305 1.0000
8209.2203 1.0000
8209.2703 0.0000
8211.3098 0.0000
8211.3598 1.0000
8215.1305 1.0000
8215.1805 0.0000
8215.7199 0.0000
8215.7699 1.0000
8217.6598 1.0000
8217.7098 0.0000
8218.9396 0.0000
8218.9896 1.0000
8221.2203 1.0000
8221.2703 0.0000
8221.7297 0.0000
8221.7797 1.0000
8222.1598 1.0000
8222.2098 0.0000
8222.5900 0.0000
8222.6400 1.0000
8224.4898 1.0000
8224.5398 0.0000
8224.8195 0.0000
8224.8695 1.0000
8237.3805 1.0000
8237.4305 0.0000
8237.6203 0.0000
8237.6703 1.0000
8238.8404 1.0000
8238.8904 0.0000
8238.9699 0.0000
8239.0199 1.0000
8240.1598 1.0000
8240.2098 0.0000
8240.4797 0.0000
8240.5297 1.0000
8241.0504 1.0000
8241.1004 0.0000
8241.5402 0.0000
8241.5902 1.0000
8242.9098 1.0000
8242.9598 0.0000
8243.2502 0.0000
8243.3002 1.0000
8243.7896 1.0000
8243.8396 0.0000
8244.2404 0.0000
8244.2904 1.0000
8246.8004 1.0000
8246.8504 0.0000
8248.5500 0.0000
8248.6000 1.0000
8249.1803 1.0000
8249.2303 0.0000
8250.6701 0.0000
8250.7201 1.0000
8251.2799 1.0000
8251.3299 0.0000
8254.1896 0.0000
8254.2396 1.0000
8255.7496 1.0000
8255.7996 0.0000
8256.5803 0.0000
8256.6303 1.0000
8257.1998 1.0000
8257.2498 0.0000
8257.5803 0.0000
8257.6303 1.0000
8260.5299 1.0000
8260.5799 0.0000
8261.1301 0.0000
8261.1801 1.0000
8263.4996 1.0000
8263.5496 0.0000
8263.8400 0.0000
8263.8900 1.0000
8264.3102 1.0000
8264.3602 0.0000
8264.6496 0.0000
8264.6996 1.0000
8266.4703 1.0000
8266.5203 0.0000
8266.5803 0.0000
8266.6303 1.0000
8267.4996 1.0000
8267.5496 0.0000
8271.0500 0.0000
8271.1000 1.0000
8271.7896 1.0000
8271.8396 0.0000
8273.5002 0.0000
8273.5502 1.0000
8280.1500 1.0000
8280.2000 0.0000
8280.2805 0.0000
8280.3305 1.0000
8285.6100 1.0000
8285.6600 0.0000
8287.3400 0.0000
8287.3900 1.0000
8287.8297 1.0000
8287.8797 0.0000
8288.2502 0.0000
8288.3002 1.0000
8288.6500 1.0000
8288.7000 0.0000
8288.7102 0.0000
8288.7602 1.0000
8292.5602 1.0000
8292.6102 0.0000
8293.0100 0.0000
8293.0600 1.0000
8293.7799 1.0000
8293.8299 0.0000
8295.5305 0.0000
8295.5805 1.0000
8298.6002 1.0000
8298.6502 0.0000
8300.0900 0.0000
8300.1400 1.0000
8300.5504 1.0000
8300.6004 0.0000
8300.7697 0.0000
8300.8197 1.0000
8301.4703 1.0000
8301.5203 0.0000
8301.8098 0.0000
8301.8598 1.0000
8303.6305 1.0000
8303.6805 0.0000
8304.7199 0.0000
8304.7699 1.0000
8305.1500 1.0000
8305.2000 0.0000
8305.2199 0.0000
8305.2699 1.0000
8305.6695 1.0000
8305.7195 0.0000
8305.8195 0.0000
8305.8695 1.0000
8308.3102 1.0000
8308.3602 0.0000
8308.4104 0.0000
8308.4604 1.0000
8309.1998 1.0000
8309.2498 0.0000
8309.5500 0.0000
8309.6000 1.0000
8310.1803 1.0000
8310.2303 0.0000
8310.6604 0.0000
8310.7104 1.0000
8311.2301 1.0000
8311.2801 0.0000
8311.6896 0.0000
8311.7396 1.0000
8313.4000 1.0000
8313.4500 0.0000
8313.4504 0.0000
8313.5004 1.0000
8314.8297 1.0000
8314.8797 0.0000
8314.9201 0.0000
8314.9701 1.0000
8315.4098 1.0000
8315.4598 0.0000
8315.7297 0.0000
8315.7797 1.0000
8316.9703 1.0000
8317.0203 0.0000
8317.7004 0.0000
8317.7504 1.0000
8319.4498 1.0000
8319.4998 0.0000
8319.5402 0.0000
8319.5902 1.0000
8321.2096 1.0000
8321.2596 0.0000
8322.5002 0.0000
8322.5502 1.0000
8324.7096 1.0000
8324.7596 0.0000
8327.7502 0.0000
8327.8002 1.0000
8329.5904 1.0000
8329.6404 0.0000
8330.3498 0.0000
8330.3998 1.0000
8333.0504 1.0000
8333.1004 0.0000
8334.0100 0.0000
8334.0600 1.0000
8337.0201 1.0000
8337.0701 0.0000
8337.3303 0.0000
8337.3803 1.0000
8338.7203 1.0000
8338.7703 0.0000
8340.4504 0.0000
8340.5004 1.0000
8341.9703 1.0000
8342.0203 0.0000
8343.4104 0.0000
8343.4604 1.0000
8344.9801 1.0000
8345.0301 0.0000
8345.9504 0.0000
8346.0004 1.0000
8346.4996 1.0000
8346.5496 0.0000
8348.4602 0.0000
8348.5102 1.0000
8348.9400 1.0000
8348.9900 0.0000
8349.3195 0.0000
8349.3695 1.0000
8350.3004 1.0000
8350.3504 0.0000
8350.9904 0.0000
8351.0404 1.0000
8352.5104 1.0000
8352.5604 0.0000
8354.7697 0.0000
8354.8197 1.0000
8356.3404 1.0000
8356.3904 0.0000
8356.4699 0.0000
8356.5199 1.0000
8357.3297 1.0000
8357.3797 0.0000
8358.8195 0.0000
8358.8695 1.0000
8360.2203 1.0000
8360.2703 0.0000
8361.4797 0.0000
8361.5297 1.0000
8362.1695 1.0000
8362.2195 0.0000
8363.8498 0.0000
8363.8998 1.0000
8365.1100 1.0000
8365.1600 0.0000
8368.5500 0.0000
8368.6000 1.0000
8370.0504 1.0000
8370.1004 0.0000
8371.7600 0.0000
8371.8100 1.0000
8372.2799 1.0000
8372.3299 0.0000
8372.4699 0.0000
8372.5199 1.0000
8373.3004 1.0000
8373.3504 0.0000
8375.2404 0.0000
8375.2904 1.0000
8376.4098 1.0000
8376.4598 0.0000
8376.5197 0.0000
8376.5697 1.0000
8377.1402 1.0000
8377.1902 0.0000
8377.7404 0.0000
8377.7904 1.0000
8379.7496 1.0000
8379.7996 0.0000
8380.0598 0.0000
8380.1098 1.0000
8380.7096 1.0000
8380.7596 0.0000
8383.4504 0.0000
8383.5004 1.0000
8383.9898 1.0000
8384.0398 0.0000
8385.8596 0.0000
8385.9096 1.0000
8386.8199 1.0000
8386.8699 0.0000
8386.8703 0.0000
8386.9203 1.0000
8388.7301 1.0000
8388.7801 0.0000
8388.9396 0.0000
8388.9896 1.0000
8389.4898 1.0000
8389.5398 0.0000
8389.7297 0.0000
8389.7797 1.0000
8390.3697 1.0000
8390.4197 0.0000
8391.5598 0.0000
8391.6098 1.0000
8392.0699 1.0000
8392.1199 0.0000
8395.7502 0.0000
8395.8002 1.0000
8397.4596 1.0000
8397.5096 0.0000
8399.1398 0.0000
8399.1898 1.0000
8400.2203 1.0000
8400.2703 0.0000
8401.9699 0.0000
8402.0199 1.0000
8402.5104 1.0000
8402.5604 0.0000
8402.5900 0.0000
8402.6400 1.0000
8403.2398 1.0000
8403.2898 0.0000
8405.0900 0.0000
8405.1400 1.0000
8405.5299 1.0000
8405.5799 0.0000
8406.1701 0.0000
8406.2201 1.0000
8406.7398 1.0000
8406.7898 0.0000
8407.2297 0.0000
8407.2797 1.0000
8408.2203 1.0000
8408.2703 0.0000
8410.2199 0.0000
8410.2699 1.0000
8411.4303 1.0000
8411.4803 0.0000
8411.5598 0.0000
8411.6098 1.0000
8412.2096 1.0000
8412.2596 0.0000
8413.1701 0.0000
8413.2201 1.0000
8413.6598 1.0000
8413.7098 0.0000
8417.2502 0.0000
8417.3002 1.0000
8418.1500 1.0000
8418.2000 0.0000
8419.2404 0.0000
8419.2904 1.0000
8419.8199 1.0000
8419.8699 0.0000
8420.3498 0.0000
8420.3998 1.0000
8421.2301 1.0000
8421.2801 0.0000
8429.8000 0.0000
8429.8500 1.0000
8430.3297 1.0000
8430.3797 0.0000
8431.6301 0.0000
8431.6801 1.0000
8432.1598 1.0000
8432.2098 0.0000
8432.7297 0.0000
8432.7797 1.0000
8433.4596 1.0000
8433.5096 0.0000
8436.6604 0.0000
8436.7104 1.0000
8437.1500 1.0000
8437.2000 0.0000
8438.3098 0.0000
8438.3598 1.0000
8439.1100 1.0000
8439.1600 0.0000
8440.0695 0.0000
8440.1195 1.0000
8440.6598 1.0000
8440.7098 0.0000
8442.7902 0.0000
8442.8402 1.0000
8443.3600 1.0000
8443.4100 0.0000
8444.4504 0.0000
8444.5004 1.0000
8445.1002 1.0000
8445.1502 0.0000
8446.8098 0.0000
8446.8598 1.0000
8447.3805 1.0000
8447.4305 0.0000
8448.2199 0.0000
8448.2699 1.0000
8448.6998 1.0000
8448.7498 0.0000
8452.1496 0.0000
8452.1996 1.0000
8452.5904 1.0000
8452.6404 0.0000
8454.1203 0.0000
8454.1703 1.0000
8454.6500 1.0000
8454.7000 0.0000
8462.2102 0.0000
8462.2602 1.0000
8462.9195 1.0000
8462.9695 0.0000
8464.4904 0.0000
8464.5404 1.0000
8464.9098 1.0000
8464.9598 0.0000
8476.4396 0.0000
8476.4896 1.0000
8476.9098 1.0000
8476.9598 0.0000
8480.0402 0.0000
8480.0902 1.0000
8480.5699 1.0000
8480.6199 0.0000
8481.8596 0.0000
8481.9096 1.0000
8482.4801 1.0000
8482.5301 0.0000
8484.5305 0.0000
8484.5805 1.0000
8484.9596 1.0000
8485.0096 0.0000
8488.8996 0.0000
8488.9496 1.0000
8489.5396 1.0000
8489.5896 0.0000
8490.3996 0.0000
8490.4496 1.0000
8490.8404 1.0000
8490.8904 0.0000
8493.7697 0.0000
8493.8197 1.0000
8494.3502 1.0000
8494.4002 0.0000
8495.8400 0.0000
8495.8900 1.0000
8496.3199 1.0000
8496.3699 0.0000
8498.5197 0.0000
8498.5697 1.0000
8499.0504 1.0000
8499.1004 0.0000
8501.9504 0.0000
8502.0004 1.0000
8502.4596 1.0000
8502.5096 0.0000
8505.1896 0.0000
8505.2396 1.0000
8505.7203 1.0000
8505.7703 0.0000
8507.8703 0.0000
8507.9203 1.0000
8508.4703 1.0000
8508.5203 0.0000
8511.8195 0.0000
8511.8695 1.0000
8512.2301 1.0000
8512.2801 0.0000
8513.8703 0.0000
8513.9203 1.0000
8514.9498 1.0000
8514.9998 0.0000
8515.3400 0.0000
8515.3900 1.0000
8515.7896 1.0000
8515.8396 0.0000
8518.1096 0.0000
8518.1596 1.0000
8518.5797 1.0000
8518.6297 0.0000
8521.6096 0.0000
8521.6596 1.0000
8522.3004 1.0000
8522.3504 0.0000
8525.1799 0.0000
8525.2299 1.0000
8525.6305 1.0000
8525.6805 0.0000
8528.3898 0.0000
8528.4398 1.0000
8528.9098 1.0000
8528.9598 0.0000
8532.0002 0.0000
8532.0502 1.0000
8532.4703 1.0000
8532.5203 0.0000
8533.6496 0.0000
8533.6996 1.0000
8534.0504 1.0000
8534.1004 0.0000
8536.8195 0.0000
8536.8695 1.0000
8537.3805 1.0000
8537.4305 0.0000
8538.5305 0.0000
8538.5805 1.0000
8539.2398 1.0000
8539.2898 0.0000
8541.9396 0.0000
8541.9896 1.0000
8542.4596 1.0000
8542.5096 0.0000
8542.7902 0.0000
8542.8402 1.0000
8543.4596 1.0000
8543.5096 0.0000
8548.2805 0.0000
8548.3305 1.0000
8548.8102 1.0000
8548.8602 0.0000
8555.8000 0.0000
8555.8500 1.0000
8556.3697 1.0000
8556.4197 0.0000
8558.4201 0.0000
8558.4701 1.0000
8558.8404 1.0000
8558.8904 0.0000
8564.4602 0.0000
8564.5102 1.0000
8564.9303 1.0000
8564.9803 0.0000
8570.8596 0.0000
8570.9096 1.0000
8571.2896 1.0000
8571.3396 0.0000
8573.1604 0.0000
8573.2104 1.0000
8573.6002 1.0000
8573.6502 0.0000
8575.1896 0.0000
8575.2396 1.0000
8575.6998 1.0000
8575.7498 0.0000
8592.4504 0.0000
8592.5004 1.0000
8592.8697 1.0000
8592.9197 0.0000
8593.2805 0.0000
8593.3305 1.0000
8593.7301 1.0000
8593.7801 0.0000
8782.3195 0.0000
8782.3695 1.0000
8782.7604 1.0000
8782.8104 0.0000
8802.1096 0.0000
8802.1596 1.0000
8802.5396 1.0000
8802.5896 0.0000
8805.5500 0.0000
8805.6000 1.0000
8806.0699 1.0000
8806.1199 0.0000
8813.8303 0.0000
8813.8803 1.0000
8814.3805 1.0000
8814.4305 0.0000
8821.3596 0.0000
8821.4096 1.0000
8821.8502 1.0000
8821.9002 0.0000
8822.3498 0.0000
8822.3998 1.0000
8822.9195 1.0000
8822.9695 0.0000
8833.3801 0.0000
8833.4301 1.0000
8833.9303 1.0000
8833.9803 0.0000
8837.6398 0.0000
8837.6898 1.0000
8838.3600 1.0000
8838.4100 0.0000
8848.1896 0.0000
8848.2396 1.0000
8848.6598 1.0000
8848.7098 0.0000
8854.4797 0.0000
8854.5297 1.0000
8855.0396 1.0000
8855.0896 0.0000
8859.3996 0.0000
8859.4496 1.0000
8860.4195 1.0000
8860.4695 0.0000
8860.8703 0.0000
8860.9203 1.0000
8861.5699 1.0000
8861.6199 0.0000
8868.3400 0.0000
8868.3900 1.0000
8869.0104 1.0000
8869.0604 0.0000
8871.2297 0.0000
8871.2797 1.0000
8871.7203 1.0000
8871.7703 0.0000
8881.3098 0.0000
8881.3598 1.0000
8882.1598 1.0000
8882.2098 0.0000
8884.2697 0.0000
8884.3197 1.0000
8884.8404 1.0000
8884.8904 0.0000
8895.9797 0.0000
8896.0297 1.0000
8896.3600 1.0000
8896.4100 0.0000
8896.6301 0.0000
8896.6801 1.0000
8897.1598 1.0000
8897.2098 0.0000
8898.7004 0.0000
8898.7504 1.0000
8899.3697 1.0000
8899.4197 0.0000
8901.1301 0.0000
8901.1801 1.0000
8901.6598 1.0000
8901.7098 0.0000
8902.7102 0.0000
8902.7602 1.0000
8903.4000 1.0000
8903.4500 0.0000
8909.3996 0.0000
8909.4496 1.0000
8910.2496 1.0000
8910.2996 0.0000
8913.1496 0.0000
8913.1996 1.0000
8913.6598 1.0000
8913.7098 0.0000
8918.0500 0.0000
8918.1000 1.0000
8918.6197 1.0000
8918.6697 0.0000
8919.4104 0.0000
8919.4604 1.0000
8920.3697 1.0000
8920.4197 0.0000
8921.7102 0.0000
8921.7602 1.0000
8922.8102 1.0000
8922.8602 0.0000
8928.9699 0.0000
8929.0199 1.0000
8929.6100 1.0000
8929.6600 0.0000
8930.8898 0.0000
8930.9398 1.0000
8933.4400 1.0000
8933.4900 0.0000
8933.8303 0.0000
8933.8803 1.0000
8935.1002 1.0000
8935.1502 0.0000
8935.9797 0.0000
8936.0297 1.0000
8937.1100 1.0000
8937.1600 0.0000
8937.6496 0.0000
8937.6996 1.0000
8938.6002 1.0000
8938.6502 0.0000
8942.2199 0.0000
8942.2699 1.0000
8943.3600 1.0000
8943.4100 0.0000
8943.8000 0.0000
8943.8500 1.0000
8945.2701 1.0000
8945.3201 0.0000
8946.3195 0.0000
8946.3695 1.0000
8946.9596 1.0000
8947.0096 0.0000
8948.2404 0.0000
8948.2904 1.0000
8949.7701 1.0000
8949.8201 0.0000
8950.5998 0.0000
8950.6498 1.0000
8951.7604 1.0000
8951.8104 0.0000
8952.8098 0.0000
8952.8598 1.0000
8953.5602 1.0000
8953.6102 0.0000
8953.6301 0.0000
8953.6801 1.0000
8955.2398 1.0000
8955.2898 0.0000
8955.3303 0.0000
8955.3803 1.0000
8955.8102 1.0000
8955.8602 0.0000
8956.0500 0.0000
8956.1000 1.0000
8958.3502 1.0000
8958.4002 0.0000
8958.8498 0.0000
8958.8998 1.0000
8959.4195 1.0000
8959.4695 0.0000
8959.8000 0.0000
8959.8500 1.0000
8961.4801 1.0000
8961.5301 0.0000
8962.8000 0.0000
8962.8500 1.0000
8963.4195 1.0000
8963.4695 0.0000
8963.7102 0.0000
8963.7602 1.0000
8970.1500 1.0000
8970.2000 0.0000
8971.1301 0.0000
8971.1801 1.0000
8971.8102 1.0000
8971.8602 0.0000
8972.0305 0.0000
8972.0805 1.0000
8972.4996 1.0000
8972.5496 0.0000
8972.6096 0.0000
8972.6596 1.0000
8979.4498 1.0000
8979.4998 0.0000
8981.5002 0.0000
8981.5502 1.0000
8984.6305 1.0000
8984.6805 0.0000
8986.4602 0.0000
8986.5102 1.0000
8997.0396 1.0000
8997.0896 0.0000
8997.5002 0.0000
8997.5502 1.0000
8998.1695 1.0000
8998.2195 0.0000
8999.3000 0.0000
8999.3500 1.0000
9000.0299 1.0000
9000.0799 0.0000
9000.6701 0.0000
9000.7201 1.0000
9016.6002 1.0000
9016.6502 0.0000
9016.7805 0.0000
9016.8305 1.0000
9022.0396 1.0000
9022.0896 0.0000
9022.1701 0.0000
9022.2201 1.0000
9030.4000 1.0000
9030.4500 0.0000
9030.6301 0.0000
9030.6801 1.0000
9035.1402 1.0000
9035.1902 0.0000
9036.8996 0.0000
9036.9496 1.0000
9037.9596 1.0000
9038.0096 0.0000
9042.0100 0.0000
9042.0600 1.0000
9046.4195 1.0000
9046.4695 0.0000
9049.3195 0.0000
9049.3695 1.0000
9051.4498 1.0000
9051.4998 0.0000
9053.0002 0.0000
9053.0502 1.0000
9057.2096 1.0000
9057.2596 0.0000
9059.2600 0.0000
9059.3100 1.0000
9061.0201 1.0000
9061.0701 0.0000
9061.8098 0.0000
9061.8598 1.0000
9067.3697 1.0000
9067.4197 0.0000
9067.5002 0.0000
9067.5502 1.0000
9068.7203 1.0000
9068.7703 0.0000
9069.5197 0.0000
9069.5697 1.0000
9078.4000 1.0000
9078.4500 0.0000
9078.5002 0.0000
9078.5502 1.0000
9078.9000 1.0000
9078.9500 0.0000
9080.3000 0.0000
9080.3500 1.0000
9085.3697 1.0000
9085.4197 0.0000
9085.5002 0.0000
9085.5502 1.0000
9086.3004 1.0000
9086.3504 0.0000
9086.8996 0.0000
9086.9496 1.0000
9093.6100 1.0000
9093.6600 0.0000
9093.6701 0.0000
9093.7201 1.0000
9098.6305 1.0000
9098.6805 0.0000
9098.9396 0.0000
9098.9896 1.0000
9099.4801 1.0000
9099.5301 0.0000
9099.7297 0.0000
9099.7797 1.0000
9104.6100 1.0000
9104.6600 0.0000
9105.2004 0.0000
9105.2504 1.0000
9105.6500 1.0000
9105.7000 0.0000
9105.8400 0.0000
9105.8900 1.0000
9112.1900 1.0000
9112.2400 0.0000
9112.5598 0.0000
9112.6098 1.0000
9113.8102 1.0000
9113.8602 0.0000
9114.0900 0.0000
9114.1400 1.0000
9114.7301 1.0000
9114.7801 0.0000
9114.9396 0.0000
9114.9896 1.0000
9116.0602 1.0000
9116.1102 0.0000
9116.4396 0.0000
9116.4896 1.0000
9117.2203 1.0000
9117.2703 0.0000
9117.3400 0.0000
9117.3900 1.0000
9123.8297 1.0000
9123.8797 0.0000
9125.8596 0.0000
9125.9096 1.0000
9144.2799 1.0000
9144.3299 0.0000
9144.6496 0.0000
9144.6996 1.0000
9147.6500 1.0000
9147.7000 0.0000
9147.7297 0.0000
9147.7797 1.0000
9149.9303 1.0000
9149.9803 0.0000
9150.1096 0.0000
9150.1596 1.0000
9167.5699 1.0000
9167.6199 0.0000
9169.1896 0.0000
9169.2396 1.0000
9172.5201 1.0000
9172.5701 0.0000
9172.6896 0.0000
9172.7396 1.0000
9191.0104 1.0000
9191.0604 0.0000
9192.1896 0.0000
9192.2396 1.0000
9193.2604 1.0000
9193.3104 0.0000
9193.5695 0.0000
9193.6195 1.0000
9196.2701 1.0000
9196.3201 0.0000
9196.8000 0.0000
9196.8500 1.0000
9200.4000 1.0000
9200.4500 0.0000
9200.7902 0.0000
9200.8402 1.0000
9202.1002 1.0000
9202.1502 0.0000
9202.8098 0.0000
9202.8598 1.0000
9203.7896 1.0000
9203.8396 0.0000
9206.1203 0.0000
9206.1703 1.0000
9207.3199 1.0000
9207.3699 0.0000
9207.4299 0.0000
9207.4799 1.0000
9212.3004 1.0000
9212.3504 0.0000
9212.8596 0.0000
9212.9096 1.0000
9213.6900 1.0000
9213.7400 0.0000
9214.6096 0.0000
9214.6596 1.0000
9220.7203 1.0000
9220.7703 0.0000
9221.7404 0.0000
9221.7904 1.0000
9222.3697 1.0000
9222.4197 0.0000
9222.5695 0.0000
9222.6195 1.0000
9223.3004 1.0000
9223.3504 0.0000
9223.8898 0.0000
9223.9398 1.0000
9225.1803 1.0000
9225.2303 0.0000
9226.6496 0.0000
9226.6996 1.0000
9228.3902 1.0000
9228.4402 0.0000
9229.6398 0.0000
9229.6898 1.0000
9230.1402 1.0000
9230.1902 0.0000
9230.4904 0.0000
9230.5404 1.0000
9234.2799 1.0000
9234.3299 0.0000
9234.6203 0.0000
9234.6703 1.0000
9235.8697 1.0000
9235.9197 0.0000
9236.4396 0.0000
9236.4896 1.0000
9243.6803 1.0000
9243.7303 0.0000
9244.3898 0.0000
9244.4398 1.0000
9250.0602 1.0000
9250.1102 0.0000
9250.9602 0.0000
9251.0102 1.0000
9258.1100 1.0000
9258.1600 0.0000
9258.9299 0.0000
9258.9799 1.0000
9259.9703 1.0000
9260.0203 0.0000
9260.3400 0.0000
9260.3900 1.0000
9266.6900 1.0000
9266.7400 0.0000
9267.0100 0.0000
9267.0600 1.0000
9267.9098 1.0000
9267.9598 0.0000
9268.2199 0.0000
9268.2699 1.0000
9269.2301 1.0000
9269.2801 0.0000
9269.2805 0.0000
9269.3305 1.0000
9270.1803 1.0000
9270.2303 0.0000
9270.8498 0.0000
9270.8998 1.0000
9675.7398 1.0000
9675.7898 0.0000
9676.2102 0.0000
9676.2602 1.0000
9676.6500 1.0000
9676.7000 0.0000
9676.7902 0.0000
9676.8402 1.0000
9677.3902 1.0000
9677.4402 0.0000
9677.4699 0.0000
9677.5199 1.0000
9678.2096 1.0000
9678.2596 0.0000
9678.4699 0.0000
9678.5199 1.0000
9679.9596 1.0000
9680.0096 0.0000
9680.2404 0.0000
9680.2904 1.0000
9687.3297 1.0000
9687.3797 0.0000
9687.8996 0.0000
9687.9496 1.0000
9689.6500 1.0000
9689.7000 0.0000
9690.2902 0.0000
9690.3402 1.0000
9693.2896 1.0000
9693.3396 0.0000
9693.5100 0.0000
9693.5600 1.0000
9698.5299 1.0000
9698.5799 0.0000
9699.5500 0.0000
9699.6000 1.0000
9705.6803 1.0000
9705.7303 0.0000
9707.0002 0.0000
9707.0502 1.0000
9708.4996 1.0000
9708.5496 0.0000
9710.3996 0.0000
9710.4496 1.0000
9712.5904 1.0000
9712.6404 0.0000
9713.0197 0.0000
9713.0697 1.0000
9713.9000 1.0000
9713.9500 0.0000
9714.0002 0.0000
9714.0502 1.0000
9715.8199 1.0000
9715.8699 0.0000
9715.8898 0.0000
9715.9398 1.0000
9720.8102 1.0000
9720.8602 0.0000
9721.9602 0.0000
9722.0102 1.0000
9722.7604 1.0000
9722.8104 0.0000
9722.8303 0.0000
9722.8803 1.0000
9723.8102 1.0000
9723.8602 0.0000
9724.4699 0.0000
9724.5199 1.0000
9732.0699 1.0000
9732.1199 0.0000
9732.2902 0.0000
9732.3402 1.0000
9734.4996 1.0000
9734.5496 0.0000
9735.0598 0.0000
9735.1098 1.0000
9736.0299 1.0000
9736.0799 0.0000
9736.2102 0.0000
9736.2602 1.0000
9742.7203 1.0000
9742.7703 0.0000
9742.8498 0.0000
9742.8998 1.0000
9748.5904 1.0000
9748.6404 0.0000
9748.7404 0.0000
9748.7904 1.0000
9749.6695 1.0000
9749.7195 0.0000
9749.7600 0.0000
9749.8100 1.0000
9753.9098 1.0000
9753.9598 0.0000
9754.8596 0.0000
9754.9096 1.0000
9762.8805 1.0000
9762.9305 0.0000
9763.5305 0.0000
9763.5805 1.0000
9769.1100 1.0000
9769.1600 0.0000
9770.1701 0.0000
9770.2201 1.0000
9772.3297 1.0000
9772.3797 0.0000
9774.5598 0.0000
9774.6098 1.0000
9775.2203 1.0000
9775.2703 0.0000
9775.5803 0.0000
9775.6303 1.0000
9778.3404 1.0000
9778.3904 0.0000
9778.4104 0.0000
9778.4604 1.0000
9786.6197 1.0000
9786.6697 0.0000
9787.5100 0.0000
9787.5600 1.0000
9790.8805 1.0000
9790.9305 0.0000
9791.2697 0.0000
9791.3197 1.0000
9798.7398 1.0000
9798.7898 0.0000
9800.0900 0.0000
9800.1400 1.0000
9806.6803 1.0000
9806.7303 0.0000
9807.5002 0.0000
9807.5502 1.0000
9808.3199 1.0000
9808.3699 0.0000
9808.5998 0.0000
9808.6498 1.0000
9809.2896 1.0000
9809.3396 0.0000
9810.4201 0.0000
9810.4701 1.0000
9811.6900 1.0000
9811.7400 0.0000
9812.5998 0.0000
9812.6498 1.0000
9813.2896 1.0000
9813.3396 0.0000
9814.4504 0.0000
9814.5004 1.0000
9815.3502 1.0000
9815.4002 0.0000
9815.4602 0.0000
9815.5102 1.0000
9816.8102 1.0000
9816.8602 0.0000
9817.7697 0.0000
9817.8197 1.0000
9821.5699 1.0000
9821.6199 0.0000
9823.8801 0.0000
9823.9301 1.0000
9824.9703 1.0000
9825.0203 0.0000
9825.8400 0.0000
9825.8900 1.0000
9830.0299 1.0000
9830.0799 0.0000
9831.7697 0.0000
9831.8197 1.0000
9832.2203 1.0000
9832.2703 0.0000
9833.1896 0.0000
9833.2396 1.0000
9835.3297 1.0000
9835.3797 0.0000
9838.0305 0.0000
9838.0805 1.0000
9838.8404 1.0000
9838.8904 0.0000
9840.8703 0.0000
9840.9203 1.0000
9841.4596 1.0000
9841.5096 0.0000
9842.3703 0.0000
9842.4203 1.0000
9843.1803 1.0000
9843.2303 0.0000
9844.6604 0.0000
9844.7104 1.0000
9848.0699 1.0000
9848.1199 0.0000
9848.2805 0.0000
9848.3305 1.0000
9849.6100 1.0000
9849.6600 0.0000
9849.8996 0.0000
9849.9496 1.0000
9850.6598 1.0000
9850.7098 0.0000
9850.8898 0.0000
9850.9398 1.0000
9852.3199 1.0000
9852.3699 0.0000
9852.8195 0.0000
9852.8695 1.0000
9853.5797 1.0000
9853.6297 0.0000
9853.7404 0.0000
9853.7904 1.0000
9854.3297 1.0000
9854.3797 0.0000
9854.9504 0.0000
9855.0004 1.0000
9855.9898 1.0000
9856.0398 0.0000
9856.9602 0.0000
9857.0102 1.0000
9857.4898 1.0000
9857.5398 0.0000
9858.9797 0.0000
9859.0297 1.0000
9860.3199 1.0000
9860.3699 0.0000
9863.2502 0.0000
9863.3002 1.0000
9863.8297 1.0000
9863.8797 0.0000
9867.8303 0.0000
9867.8803 1.0000
9868.5504 1.0000
9868.6004 0.0000
9870.0998 0.0000
9870.1498 1.0000
9871.0602 1.0000
9871.1102 0.0000
9871.2697 0.0000
9871.3197 1.0000
9871.9098 1.0000
9871.9598 0.0000
9872.3703 0.0000
9872.4203 1.0000
9873.3404 1.0000
9873.3904 0.0000
9875.8498 0.0000
9875.8998 1.0000
9877.6998 1.0000
9877.7498 0.0000
9880.5500 0.0000
9880.6000 1.0000
9881.5201 1.0000
9881.5701 0.0000
9882.1301 0.0000
9882.1801 1.0000
9882.8502 1.0000
9882.9002 0.0000
9886.9504 0.0000
9887.0004 1.0000
9887.4596 1.0000
9887.5096 0.0000
9890.3098 0.0000
9890.3598 1.0000
9891.0201 1.0000
9891.0701 0.0000
9893.8898 0.0000
9893.9398 1.0000
9894.4098 1.0000
9894.4598 0.0000
9896.0305 0.0000
9896.0805 1.0000
9897.0602 1.0000
9897.1102 0.0000
9897.2600 0.0000
9897.3100 1.0000
9897.8199 1.0000
9897.8699 0.0000
9898.5100 0.0000
9898.5600 1.0000
9899.5396 1.0000
9899.5896 0.0000
9899.7600 0.0000
9899.8100 1.0000
9900.4098 1.0000
9900.4598 0.0000
9900.5002 0.0000
9900.5502 1.0000
9900.9303 1.0000
9900.9803 0.0000
9901.3195 0.0000
9901.3695 1.0000
9902.8600 1.0000
9902.9100 0.0000
9903.1398 0.0000
9903.1898 1.0000
9903.7203 1.0000
9903.7703 0.0000
9904.0598 0.0000
9904.1098 1.0000
9904.6100 1.0000
9904.6600 0.0000
9907.4904 0.0000
9907.5404 1.0000
9908.0396 1.0000
9908.0896 0.0000
9910.7004 0.0000
9910.7504 1.0000
9911.4098 1.0000
9911.4598 0.0000
9912.6203 0.0000
9912.6703 1.0000
9913.2203 1.0000
9913.2703 0.0000
9916.1604 0.0000
9916.2104 1.0000
9916.6402 1.0000
9916.6902 0.0000
9917.7697 0.0000
9917.8197 1.0000
9918.3199 1.0000
9918.3699 0.0000
9922.5695 0.0000
9922.6195 1.0000
9923.4498 1.0000
9923.4998 0.0000
9926.0002 0.0000
9926.0502 1.0000
9926.4303 1.0000
9926.4803 0.0000
9928.3801 0.0000
9928.4301 1.0000
9930.4098 1.0000
9930.4598 0.0000
9931.2902 0.0000
9931.3402 1.0000
9932.0396 1.0000
9932.0896 0.0000
9933.4504 0.0000
9933.5004 1.0000
9933.9195 1.0000
9933.9695 0.0000
9936.8996 0.0000
9936.9496 1.0000
9937.4400 1.0000
9937.4900 0.0000
9941.9904 0.0000
9942.0404 1.0000
9942.4498 1.0000
9942.4998 0.0000
9943.8303 0.0000
9943.8803 1.0000
9944.4195 1.0000
9944.4695 0.0000
9953.1301 0.0000
9953.1801 1.0000
9953.6197 1.0000
9953.6697 0.0000
9958.0402 0.0000
9958.0902 1.0000
9958.5699 1.0000
9958.6199 0.0000
9959.4797 0.0000
9959.5297 1.0000
9959.9400 1.0000
9959.9900 0.0000
9969.6799 0.0000
9969.7299 1.0000
9970.3697 1.0000
9970.4197 0.0000
9979.4602 0.0000
9979.5102 1.0000
9980.1402 1.0000
9980.1902 0.0000
9986.5695 0.0000
9986.6195 1.0000
9987.1900 1.0000
9987.2400 0.0000
9991.4699 0.0000
9991.5199 1.0000
9991.8902 1.0000
9991.9402 0.0000
9995.3195 0.0000
9995.3695 1.0000
9996.1002 1.0000
9996.1502 0.0000
