6128.88339409687  1.031437
6128.94043253269  1.028215
6128.99747049825  1.011822
6129.0545079893  0.9759485
6129.11154500162  0.8759679
6129.16858153097  0.6758265
6129.22561757314  0.5904198
6129.28265312391  0.7406554
6129.33968817905  0.9063494
6129.39672273435  0.9632057
6129.45375678561  0.9735976
6129.51079032862  1.004827
6129.56782335918  1.006617
6129.62485587309  0.9995286
6129.68188786617  0.9629931
6129.73891933422  0.9037199
6129.79595027306  0.910147
6129.85298067851  0.9392571
6129.91001054639  0.9529628
6129.96703987252  0.9555936
6130.02406865275  0.9901568
6130.0810968829  1.015561
6130.13812455881  1.029816
6130.19515167634  1.009047
6130.25217823131  0.9729317
6130.3092042196  0.8719918
6130.36622963704  0.7677774
6130.4232544795  0.8267791
6130.48027874285  0.9490753
6130.53730242294  0.9815837
6130.59432551565  0.977607
6130.65134801686  1.010462
6130.70836992244  1.011661
6130.76539122828  1.029749
6130.82241193025  1.017127
6130.87943202426  1.023806
6130.93645150619  1.027127
6130.99347037195  1.028782
6131.05048861743  1.026652
6131.10750623855  1.018428
6131.16452323121  1.026097
6131.22153959132  1.034901
6131.2785553148  1.026124
6131.33557039758  1.023649
6131.39258483558  1.012098
6131.44959862472  0.9933412
6131.50661176095  0.9843916
6131.56362424019  0.9885719
6131.6206360584  1.001581
6131.6776472115  0.9816474
6131.73465769546  0.896708
6131.79166750623  0.8160498
6131.84867663975  0.8411973
6131.90568509199  0.918736
6131.96269285892  0.9357183
6132.0196999365  0.879999
6132.0767063207  0.8119675
6132.1337120075  0.8478573
6132.19071699288  0.9320552
6132.24772127282  0.9914311
6132.3047248433  1.010219
6132.36172770033  1.016315
6132.41872983989  1.015114
6132.47573125797  1.006064
6132.53273195059  1.001229
6132.58973191375  0.9974303
6132.64673114346  0.9971417
6132.70372963573  1.002483
6132.76072738658  1.006558
6132.81772439203  1.015056
6132.8747206481  1.019736
6132.93171615083  1.005545
6132.98871089624  0.9914085
6133.04570488038  0.9879364
6133.10269809928  0.9872605
6133.15969054898  1.019112
6133.21668222554  1.021097
6133.273673125  1.019134
6133.33066324342  1.00665
6133.38765257686  0.9855068
6133.44464112138  0.9827331
6133.50162887305  0.9951652
6133.55861582793  1.002679
6133.61560198211  1.016381
6133.67258733165  1.01277
6133.72957187265  1.01046
6133.78655560118  1.001734
6133.84353851333  0.985571
6133.90052060519  0.9865555
6133.95750187287  1.001636
6134.01448231246  1.00476
6134.07146192007  0.9851852
6134.1284406918  0.9608427
6134.18541862376  0.9215702
6134.24239571207  0.9354661
6134.29937195285  0.9768655
6134.35634734222  0.9907424
6134.4133218763  0.9861724
6134.47029555123  1.012561
6134.52726836313  1.015068
6134.58424030814  1.023912
6134.64121138242  1.015631
6134.69818158209  0.9775204
6134.7551509033  0.8892369
6134.81211934222  0.8639235
6134.86908689499  0.9318992
6134.92605355777  0.9855105
6134.98301932673  1.0111
6135.03998419803  1.02094
6135.09694816784  1.016996
6135.15391123233  1.014618
6135.21087338769  0.9939681
6135.26783463009  0.974834
6135.32479495572  0.9612018
6135.38175436076  0.9705905
6135.43871284141  0.9674873
6135.49567039386  0.9005657
6135.55262701432  0.7329817
6135.60958269897  0.6442465
6135.66653744404  0.7465594
6135.72349124573  0.9015411
6135.78044410025  0.9762197
6135.83739600382  0.9756796
6135.89434695267  0.9377378
6135.95129694301  0.8633953
6136.00824597107  0.8125351
6136.06519403309  0.8501107
6136.1221411253  0.9396534
6136.17908724393  0.9921373
6136.23603238524  1.001638
6136.29297654546  0.9836658
6136.34991972086  0.9917038
6136.40686190766  0.9829967
6136.46380310215  0.9926267
6136.52074330057  0.9845175
6136.57768249919  0.9716209
6136.63462069428  0.9238446
6136.69155788211  0.8158128
6136.74849405895  0.6017657
6136.80542922108  0.3504668
6136.86236336477  0.2371774
6136.91929648633  0.3349569
6136.97622858203  0.5784261
6137.03315964817  0.795357
6137.09008968104  0.8308197
6137.14701867694  0.6883894
6137.20394663218  0.4593129
6137.26087354305  0.4307976
6137.31779940588  0.6419135
6137.37472421697  0.8475547
6137.43164797265  0.9155178
6137.48857066922  0.8999512
6137.54549230302  0.8904584
6137.60241287037  0.9011931
6137.6593323676  0.8569106
6137.71625079105  0.7521366
6137.77316813705  0.6624141
6137.83008440195  0.5381095
6137.88699958209  0.3356616
6137.94391367382  0.2495009
6138.00082667348  0.3728423
6138.05773857745  0.6326997
6138.11464938207  0.8376525
6138.17155908371  0.9316555
6138.22846767872  0.9707611
6138.28537516349  0.9760184
6138.34228153439  0.9770142
6138.39918678778  0.9968777
6138.45609092005  0.99243
6138.51299392759  0.9934458
6138.56989580677  0.9621852
6138.62679655399  0.9163126
6138.68369616564  0.8586172
6138.74059463812  0.8095278
6138.79749196783  0.8373064
6138.85438815117  0.9127648
6138.91128318455  0.9839775
6138.96817706438  0.9944001
6139.02506978707  0.9866603
6139.08196134903  0.9870824
6139.1388517467  0.9869528
6139.1957409765  1.010498
6139.25262903484  1.011156
6139.30951591818  1.008589
6139.36640162292  1.015135
6139.42328614552  1.019632
6139.48016948242  1.01408
6139.53705163005  1.005704
6139.59393258488  0.9926692
6139.65081234334  0.9983264
6139.70769090189  1.007785
6139.764568257  0.9972535
6139.82144440512  0.9650225
6139.87831934272  0.9451642
6139.93519306626  0.95778
6139.99206557221  0.9829396
6140.04893685707  1.015347
6140.10580691728  1.015234
6140.16267574935  1.019201
6140.21954334976  1.014857
6140.27640971498  1.020111
6140.33327484153  1.017795
6140.39013872588  1.0094
6140.44700136454  1.001522
6140.50386275401  0.9965913
6140.5607228908  1.004147
6140.6175817714  1.004168
6140.67443939234  0.9807709
6140.73129575013  0.9730989
6140.78815084129  0.9933265
6140.84500466233  1.00668
6140.90185720979  1.013169
6140.95870848018  1.013082
6141.01555847005  1.015866
6141.07240717592  1.013981
6141.12925459434  1.013988
6141.18610072184  1.001084
6141.24294555498  0.9811088
6141.29978909029  0.979366
6141.35663132433  0.9949469
6141.41347225365  1.00624
6141.47031187481  1.00294
6141.52715018437  0.9849339
6141.5839871789  0.9824181
6141.64082285496  0.979095
6141.69765720912  0.9682772
6141.75449023797  0.9224686
6141.81132193806  0.8030937
6141.86815230599  0.580306
6141.92498133833  0.3458115
6141.98180903168  0.2988648
6142.03863538263  0.4646719
6142.09546038776  0.7194644
6142.15228404368  0.8807598
6142.20910634698  0.9441544
6142.26592729427  0.9531306
6142.32274688216  0.9703948
6142.37956510725  0.9796082
6142.43638196615  0.9791211
6142.49319745548  0.9940949
6142.55001157186  0.9925551
6142.60682431192  0.9521082
6142.66363567227  0.844631
6142.72044564956  0.7688413
6142.7772542404  0.8188916
6142.83406144143  0.9343293
6142.8908672493  0.9936852
6142.94767166064  1.01919
6143.00447467209  1.017849
6143.06127628032  1.018362
6143.11807648195  1.017086
6143.17487527366  1.019219
6143.2316726521  1.01601
6143.28846861393  1.000175
6143.3452631558  0.9528758
6143.4020562744  0.8718261
6143.45884796638  0.8418199
6143.51563822843  0.918933
6143.57242705722  0.9696306
6143.62921444941  0.9916948
6143.68600040172  1.018186
6143.7427849108  1.022209
6143.79956797336  1.024866
6143.85634958609  1.0199
6143.91312974567  1.013459
6143.96990844882  1.00605
6144.02668569222  1.004067
6144.0834614726  1.02124
6144.14023578663  1.028218
6144.19700863106  1.0246
6144.25378000258  1.021691
6144.31054989791  1.01798
6144.36731831377  1.018902
6144.42408524689  1.016626
6144.48085069399  1.008651
6144.53761465181  1.0049
6144.59437711706  1.006122
6144.6511380865  1.018717
6144.70789755685  1.020198
6144.76465552486  1.016816
6144.82141198727  1.01801
6144.87816694083  1.013656
6144.93492038229  1.007152
6144.99167230841  0.9923242
6145.04842271594  0.9881171
6145.10517160164  0.9697649
6145.16191896227  0.8939953
6145.2186647946  0.7741414
6145.27540909541  0.7566518
6145.33215186145  0.8618949
6145.38889308951  0.9577845
6145.44563277636  1.007509
6145.50237091879  1.015303
6145.55910751358  0.9788467
6145.61584255751  0.9297276
6145.67257604738  0.9255252
6145.72930797998  0.9638522
6145.7860383521  0.9999277
6145.84276716055  1.009597
6145.89949440213  1.017948
6145.95622007364  1.017989
6146.01294417189  1.022455
6146.06966669369  1.022314
6146.12638763586  1.026387
6146.18310699521  1.025175
6146.23982476856  1.021229
6146.29654095274  1.020344
6146.35325554457  0.9816999
6146.40996854089  0.9121634
6146.46667993851  0.883059
6146.52338973429  0.9180337
6146.58009792505  0.9551935
6146.63680450764  0.977914
6146.69350947891  0.990262
6146.75021283568  0.9894587
6146.80691457483  0.9970691
6146.8636146932  1.008449
6146.92031318765  1.008644
6146.97701005503  1.004187
6147.03370529221  0.9997761
6147.09039889605  0.9983296
6147.14709086342  0.9931868
6147.20378119119  0.9967971
6147.26046987623  1.004826
6147.31715691542  1.003066
6147.37384230564  1.012579
6147.43052604376  1.007276
6147.48720812669  1.019302
6147.54388855129  1.017904
6147.60056731447  1.024338
6147.65724441312  1.024764
6147.71391984413  1.025481
6147.7705936044  1.015963
6147.82726569083  0.9773139
6147.88393610034  0.8958699
6147.94060482983  0.7554039
6147.99727187621  0.6116914
6148.05393723639  0.5360891
6148.11060090729  0.6270644
6148.16726288583  0.8304939
6148.22392316894  0.9627485
6148.28058175353  1.009378
6148.33723863654  1.013658
6148.39389381489  1.019242
6148.45054728553  1.014278
6148.50719904538  1.016086
6148.56384909139  1.013797
6148.6204974205  1.005751
6148.67714402966  1.010443
6148.73378891581  1.014431
6148.7904320759  0.9924961
6148.84707350689  0.961481
6148.90371320574  0.936666
6148.96035116939  0.947193
6149.01698739483  0.9661619
6149.07362187901  0.9938076
6149.13025461889  1.003179
6149.18688561146  1.002374
6149.24351485367  0.9894371
6149.30014234252  0.9949486
6149.35676807497  0.9651383
6149.41339204802  0.8669357
6149.47001425864  0.7746834
6149.52663470382  0.805167
6149.58325338055  0.9104246
6149.63987028583  0.9785184
6149.69648541665  1.003642
6149.75309877001  1.003873
6149.80971034291  0.9871253
6149.86632013236  0.9876546
6149.92292813536  0.9617975
6149.97953434892  0.941675
6150.03613877005  0.9690529
6150.09274139577  0.9992175
6150.1493422231  1.009617
6150.20594124906  1.003328
6150.26253847067  0.9250861
6150.31913388495  0.7546086
6150.37572748894  0.5984967
6150.43231927966  0.6350574
6150.48890925416  0.8123096
6150.54549740947  0.9490487
6150.60208374262  1.010589
6150.65866825067  1.027283
6150.71525093065  1.031813
6150.77183177961  1.020323
6150.82841079461  1.021863
6150.8849879727  1.013544
6150.94156331093  1.013724
6150.99813680636  1.019816
6151.05470845605  1.013753
6151.11127825707  1.018569
6151.16784620649  1.027617
6151.22441230137  1.023823
6151.28097653879  1.014477
6151.33753891581  0.9994922
6151.39409942953  0.9993237
6151.45065807701  1.007814
6151.50721485534  1.02575
6151.56376976161  1.028347
6151.62032279291  1.02141
6151.67687394632  1.005366
6151.73342321894  0.9147601
6151.78997060786  0.6915937
6151.84651611019  0.4811852
6151.90305972302  0.5508499
6151.95960144346  0.7951309
6152.01614126861  0.960288
6152.0726791956  1.012386
6152.12921522151  1.01335
6152.18574934348  1.017377
6152.24228155862  1.028919
6152.29881186405  1.026249
6152.35534025688  1.022598
6152.41186673426  1.026531
6152.46839129329  1.004198
6152.52491393112  0.9878087
6152.58143464488  0.9956581
6152.6379534317  1.014235
6152.69447028871  1.024323
6152.75098521307  1.021914
6152.80749820191  1.008587
6152.86400925238  0.9998094
6152.92051836163  1.002659
6152.97702552681  1.003548
6153.03353074506  0.9984908
6153.09003401356  0.9921335
6153.14653532946  1.006786
6153.20303468991  1.027605
6153.25953209208  1.031437
6153.31602753315  1.037487
6153.37252101027  1.027647
6153.42901252062  1.028259
6153.48550206137  1.022835
6153.5419896297  1.010118
6153.59847522279  1.003754
6153.65495883781  1.013244
6153.71144047196  1.026635
6153.76792012243  1.028559
6153.82439778639  1.029969
6153.88087346105  1.032452
6153.93734714359  1.029367
6153.99381883121  1.030628
6154.05028852111  1.028973
6154.1067562105  1.021261
6154.16322189658  1.015384
6154.21968557655  1.000397
6154.27614724763  0.9783723
6154.33260690702  0.9210943
6154.38906455194  0.7747547
6154.44552017961  0.595593
6154.50197378724  0.6120146
6154.55842537206  0.793243
6154.6148749313  0.9251358
6154.67132246217  0.9620563
6154.72776796191  0.9774932
6154.78421142775  0.9989567
6154.84065285693  1.00527
6154.89709224667  1.005848
6154.95352959423  1.016241
6155.00996489683  1.023942
6155.06639815173  1.027464
6155.12282935617  1.0246
6155.1792585074  1.0101
6155.23568560268  0.9409117
6155.29211063925  0.7903734
6155.34853361436  0.6207676
6155.40495452529  0.5937566
6155.46137336929  0.7098775
6155.51779014363  0.8454805
6155.57420484556  0.9487883
6155.63061747236  1.003481
6155.6870280213  1.026673
6155.74343648965  1.028844
6155.79984287469  1.018317
6155.8562471737  0.9879811
6155.91264938394  0.9556375
6155.96904950272  0.9585006
6156.02544752732  0.9967815
6156.08184345501  1.013522
6156.13823728309  0.9980835
6156.19462900886  0.8988124
6156.25101862961  0.8177506
6156.30740614263  0.8674791
6156.36379154522  0.9654915
6156.42017483469  0.9941789
6156.47655600834  0.9618739
6156.53293506348  0.9454384
6156.58931199741  0.9564633
6156.64568680745  0.9836549
6156.7020594909  1.002444
6156.7584300451  0.9976411
6156.81479846735  0.9971662
6156.87116475497  1.005478
6156.92752890529  1.003931
6156.98389091563  0.9942425
6157.04025078332  0.9820737
6157.0966085057  1.000291
6157.15296408009  1.019473
6157.20931750382  1.029626
6157.26566877424  1.032716
6157.32201788868  1.025364
6157.37836484449  1.008904
6157.434709639  0.9934786
6157.49105226957  0.9978634
6157.54739273355  0.9815543
6157.60373102828  0.9558027
6157.66006715111  0.9461895
6157.71640109941  0.9695148
6157.77273287052  0.9735987
6157.82906246182  0.9174253
6157.88538987066  0.7529232
6157.9417150944  0.5433073
6157.99803813042  0.5213681
6158.05435897608  0.7141103
6158.11067762876  0.8888924
6158.16699408582  0.9572358
6158.22330834464  0.9877406
6158.27962040261  1.011706
6158.33593025709  1.011714
6158.39223790548  1.01915
6158.44854334516  1.024164
6158.50484657351  1.032149
6158.56114758793  1.031352
6158.6174463858  1.02463
6158.67374296453  1.00954
6158.73003732149  1.011096
6158.78632945411  1.009189
6158.84261935977  1.010785
6158.89890703587  1.0087
6158.95519247983  1.015238
6159.01147568904  1.015724
6159.06775666093  1.022032
6159.12403539289  1.025399
6159.18031188235  1.019436
6159.23658612672  1.003642
6159.29285812341  0.996959
6159.34912786985  1.010736
6159.40539536347  1.015267
6159.46166060168  1.004647
6159.5179235819  0.9457409
6159.57418430158  0.8478458
6159.63044275815  0.8237442
6159.68669894902  0.9068223
6159.74295287165  0.9904058
6159.79920452347  1.0284
6159.85545390191  1.036726
6159.91170100443  1.033761
6159.96794582846  1.035442
6160.02418837145  1.036157
6160.08042863085  1.035711
6160.13666660411  1.031817
6160.19290228868  1.028936
6160.24913568202  1.03008
6160.30536678159  1.025552
6160.36159558483  1.009838
6160.41782208923  0.9823669
6160.47404629223  0.9656175
6160.5302681913  0.9854278
6160.58648778392  0.9929279
6160.64270506755  0.9877419
6160.69892003966  1.004097
6160.75513269773  1.013418
6160.81134303923  0.9858199
6160.86755106164  0.8748537
6160.92375676245  0.6551107
6160.97996013913  0.4783277
6161.03616118916  0.5599148
6161.09235991004  0.7867019
6161.14855629926  0.9411735
6161.2047503543  0.9944047
6161.26094207266  0.9835768
6161.31713145183  0.9302064
6161.3733184893  0.8719534
6161.42950318259  0.763132
6161.48568552918  0.5510243
6161.54186552659  0.4621044
6161.59804317231  0.6310392
6161.65421846386  0.8580202
6161.71039139874  0.9643177
6161.76656197446  0.9835226
6161.82273018855  0.9783293
6161.8788960385  0.9741291
6161.93505952185  0.9667354
6161.99122063611  0.9569305
6162.0473793788  0.9437805
6162.10353574745  0.9112004
6162.15968973958  0.8487977
6162.21584135271  0.7487419
6162.27199058439  0.590598
6162.32813743213  0.3762773
6162.38428189348  0.2090162
6162.44042396596  0.1845725
6162.49656364713  0.3313968
6162.55270093451  0.5459577
6162.60883582564  0.7141337
6162.66496831808  0.8273323
6162.72109840936  0.8949999
6162.77722609704  0.940106
6162.83335137866  0.9606562
6162.88947425178  0.9770996
6162.94559471394  0.9758186
6163.00171276271  0.9877276
6163.05782839564  0.9970647
6163.1139416103  1.004607
6163.17005240423  1.00937
6163.22616077501  1.010023
6163.2822667202  0.9972821
6163.33837023737  1.003041
6163.39447132408  1.0117
6163.45056997792  1.008997
6163.50666619644  0.9892219
6163.56275997723  0.8966395
6163.61885131787  0.7087507
6163.67494021592  0.5487846
6163.73102666898  0.4694371
6163.78711067463  0.4748075
6163.84319223044  0.6093313
6163.89927133401  0.654713
6163.95534798292  0.5098749
6164.01142217477  0.4797872
6164.06749390715  0.6941528
6164.12356317765  0.8991739
6164.17962998386  0.9832351
6164.23569432339  1.010787
6164.29175619384  1.024474
6164.3478155928  1.023541
6164.40387251789  1.028554
6164.45992696669  1.026153
6164.51597893684  1.019553
6164.57202842592  1.012185
6164.62807543156  1.012182
6164.68411995137  1.008651
6164.74016198295  1.00998
6164.79620152393  1.004434
6164.85223857193  0.9940209
6164.90827312457  0.9856713
6164.96430517947  1.001086
6165.02033473424  1.022041
6165.07636178654  1.023794
6165.13238633396  1.015616
6165.18840837415  1.015732
6165.24442790474  1.01574
6165.30044492336  1.012167
6165.35645942765  1.002848
6165.41247141524  0.9993006
6165.46848088377  0.9466856
6165.52448783088  0.7840667
6165.58049225422  0.5924225
6165.63649415143  0.6301968
6165.69249352016  0.8342654
6165.74849035804  0.9675535
6165.80448466274  1.002037
6165.86047643191  1.009759
6165.91646566319  1.014152
6165.97245235424  1.011896
6166.02843650272  0.9856911
6166.08441810629  0.9699465
6166.1403971626  0.9656419
6166.19637366933  0.9740028
6166.25234762413  0.9903973
6166.30831902466  1.007218
6166.36428786861  1.02257
6166.42025415363  1.022736
6166.47621787739  1.006227
6166.53217903758  0.9372665
6166.58813763186  0.7424579
6166.64409365791  0.4884085
6166.70004711341  0.4564279
6166.75599799603  0.6834463
6166.81194630346  0.90234
6166.86789203339  0.9814675
6166.92383518349  1.005819
6166.97977575146  1.01292
6167.03571373497  1.020478
6167.09164913173  1.019118
6167.14758193943  1.019984
6167.20351215575  1.019745
6167.25943977839  1.02858
6167.31536480504  1.029163
6167.37128723342  1.027755
6167.42720706122  1.0288
6167.48312428613  1.027264
6167.53903890588  1.026958
6167.59495091814  1.020409
6167.65086032065  1.008464
6167.7067671111  1.006225
6167.7626712872  1.01398
6167.81857284667  1.018922
6167.87447178722  1.016804
6167.93036810657  0.9985154
6167.98626180243  0.9857902
6168.04215287253  0.9755104
6168.09804131457  0.9713526
6168.15392712629  0.9846992
6168.20981030541  1.009313
6168.26569084966  1.013685
6168.32156875675  1.01157
6168.37744402443  1.016205
6168.43331665041  1.014197
6168.48918663243  1.014878
6168.54505396824  1.010744
6168.60091865555  1.006184
6168.65678069211  1.007064
6168.71264007565  1.011224
6168.76849680392  1.018925
6168.82435087466  1.014187
6168.88020228561  1.020032
6168.93605103451  1.011999
6168.99189711912  1.005535
6169.04774053717  0.9953622
6169.10358128643  0.9549614
6169.15941936464  0.8089394
6169.21525476955  0.5453995
6169.27108749892  0.3626347
6169.32691755051  0.4655334
6169.38274492206  0.7217651
6169.43856961135  0.8836842
6169.49439161614  0.9409014
6169.55021093417  0.952827
6169.60602756323  0.9311203
6169.66184150107  0.8211582
6169.71765274546  0.5835131
6169.77346129417  0.3474628
6169.82926714497  0.3514774
6169.88507029564  0.5887483
6169.94087074393  0.8387747
6169.99666848764  0.9552181
6170.05246352453  0.9859283
6170.10825585239  0.9779665
6170.16404546899  0.9491656
6170.21983237212  0.9435705
6170.27561655955  0.964529
6170.33139802907  0.9836817
6170.38717677847  0.977555
6170.44295280554  0.9610564
6170.49872610805  0.9017909
6170.55449668381  0.7786473
6170.6102645306  0.6779205
6170.66602964621  0.6006128
6170.72179202845  0.479565
6170.7775516751  0.4673269
6170.83330858397  0.6427829
6170.88906275286  0.8418801
6170.94481417955  0.9520326
6171.00056286187  0.9613007
6171.0563087976  0.9481563
6171.11205198456  0.9565296
6171.16779242055  0.9633352
6171.22353010338  0.9406947
6171.27926503085  0.9436777
6171.33499720079  0.9685731
6171.390726611  0.9884482
6171.44645325928  1.001078
6171.50217714348  1.010189
6171.55789826139  1.013923
6171.61361661083  1.012002
6171.66933218963  1.018167
6171.7250449956  1.010169
6171.78075502657  1.010208
6171.83646228037  1.007987
6171.89216675481  1.008668
6171.94786844772  1.004351
6172.00356735694  1.006752
6172.05926348028  1.001526
6172.11495681559  0.9938235
6172.17064736069  0.9936151
6172.22633511342  0.9899622
6172.28202007162  0.9908957
6172.33770223311  0.9924143
6172.39338159574  0.9990598
6172.44905815735  1.000762
6172.50473191578  1.001614
6172.56040286886  1.003667
6172.61607101445  0.9984964
6172.67173635039  0.9845494
6172.72739887452  0.9749167
6172.78305858469  0.9801885
6172.83871547876  0.9898174
6172.89436955456  0.9665226
6172.95002080996  0.9523752
6173.0056692428  0.9711623
6173.06131485095  0.9944047
6173.11695763225  1.008026
6173.17259758456  0.9964374
6173.22823470575  0.9844226
6173.28386899366  0.9784769
6173.33950044617  0.9784127
6173.39512906114  0.9543831
6173.45075483642  0.8515819
6173.50637776989  0.611192
6173.56199785941  0.3991803
6173.61761510285  0.4630938
6173.67322949807  0.7143295
6173.72884104295  0.8972474
6173.78444973536  0.9624869
6173.84005557318  0.9818056
6173.89565855427  0.9917755
6173.95125867651  0.999996
6174.00685593778  0.9980665
6174.06245033597  1.000027
6174.11804186893  1.002203
6174.17363053457  1.001388
6174.22921633076  1.010555
6174.28479925538  1.011083
6174.34037930631  1.013252
6174.39595648146  1.011239
6174.45153077869  1.008404
6174.5071021959  0.994907
6174.56267073098  0.9852188
6174.61823638183  0.9876146
6174.67379914632  1.004488
6174.72935902236  1.011847
6174.78491600784  1.0123
6174.84047010066  1.009005
6174.89602129872  1.004685
6174.9515695999  0.9905471
6175.00711500212  0.9895634
6175.06265750327  0.992791
6175.11819710125  0.9999046
6175.17373379398  0.9944169
6175.22926757934  0.9831098
6175.28479845526  0.9661569
6175.34032641963  0.966853
6175.39585147037  0.9709089
6175.45137360538  0.9574582
6175.50689282258  0.8581035
6175.56240911987  0.6692182
6175.61792249517  0.6019809
6175.67343294639  0.7516029
6175.72894047146  0.9163517
6175.78444506828  0.975666
6175.83994673477  1.002247
6175.89544546886  1.002663
6175.95094126845  1.003827
6176.00643413149  0.9960449
6176.06192405587  0.9936341
6176.11741103954  0.9966772
6176.17289508042  0.9945779
6176.22837617642  1.004124
6176.28385432549  1.00294
6176.33932952554  1.001403
6176.3948017745  0.9925662
6176.45027107032  0.994848
6176.50573741091  1.000529
6176.56120079422  0.986214
6176.61666121816  0.9785964
6176.67211868069  0.9760708
6176.72757317974  0.9880471
6176.78302471324  0.9989632
6176.83847327913  0.9927427
6176.89391887536  0.9509233
6176.94936149986  0.8132858
6177.00480115058  0.6061182
6177.06023782545  0.5232288
6177.11567152243  0.6698881
6177.17110223945  0.8621865
6177.22652997447  0.9571703
6177.28195472543  0.9833275
6177.33737649028  0.9750171
6177.39279526697  0.884578
6177.44821105345  0.7190307
6177.50362384767  0.6831061
6177.55903364759  0.821749
6177.61444045115  0.9403455
6177.66984425632  0.9662904
6177.72524506105  0.9648394
6177.78064286329  0.9545808
6177.83603766102  0.9694806
6177.89142945217  0.994449
6177.94681823472  0.9992248
6178.00220400662  0.9958191
6178.05758676585  0.9969739
6178.11296651036  0.9969083
6178.16834323811  0.9959487
6178.22371694707  0.9950822
6178.27908763521  0.9888032
6178.3344553005  0.9838508
6178.38981994091  0.9772125
6178.44518155439  0.9698362
6178.50054013894  0.9742564
6178.55589569251  0.9835331
6178.61124821308  0.9801801
6178.66659769862  0.9761829
6178.72194414711  0.9758124
6178.77728755652  0.9668829
6178.83262792483  0.970763
6178.88796525002  0.980536
6178.94329953007  0.9978014
6178.99863076295  1.008198
6179.05395894665  1.007392
6179.10928407915  1.006688
6179.16460615843  1.003879
6179.21992518248  1.00206
6179.27524114927  0.9923573
6179.3305540568  0.9838793
6179.38586390305  0.978353
6179.44117068601  0.9936835
6179.49647440367  1.001987
6179.55177505401  0.9950143
6179.60707263503  0.9833217
6179.66236714472  0.9867329
6179.71765858107  1.00053
6179.77294694207  1.007106
6179.82823222573  1.012854
6179.88351443002  1.002897
6179.93879355295  0.9864005
6179.99406959252  0.9668807
6180.04934254673  0.9556693
6180.10461241356  0.9566566
6180.15987919103  0.9416238
6180.21514287713  0.9091313
6180.27040346987  0.8994228
6180.32566096724  0.84561
6180.38091536725  0.6391983
6180.43616666791  0.4609475
6180.49141486721  0.5439205
6180.54665996318  0.763096
6180.6019019538  0.8848909
6180.65714083709  0.935313
6180.71237661107  0.9621882
6180.76760927372  0.9810115
6180.82283882309  0.9912528
6180.87806525716  0.9920511
6180.93328857395  0.9795887
6180.98850877148  0.9786758
6181.04372584775  0.9893991
6181.09893980079  0.9922795
6181.15415062861  0.988322
6181.20935832923  0.9871778
6181.26456290066  0.9822893
6181.31976434092  0.9952109
6181.37496264803  1.006069
6181.43015782002  1.012093
6181.48534985489  1.006504
6181.54053875068  1.004207
6181.5957245054  0.994164
6181.65090711708  0.9956637
6181.70608658374  0.994173
6181.76126290341  0.9819922
6181.81643607411  0.9736552
6181.87160609387  0.9860094
6181.92677296072  0.9964777
6181.98193667268  1.000387
6182.03709722779  0.9980496
6182.09225462407  0.9861634
6182.14740885955  0.9803818
6182.20255993226  0.9865362
6182.25770784024  0.990675
6182.31285258153  0.9940696
6182.36799415414  0.996056
6182.42313255612  0.9959612
6182.47826778551  0.990613
6182.53339984033  0.9769161
6182.58852871863  0.9838989
6182.64365441845  0.9890743
6182.69877693781  0.9966785
6182.75389627476  0.9920108
6182.80901242734  0.9826434
6182.8641253936  0.9672859
6182.91923517156  0.9796335
6182.97434175928  0.9978608
6183.02944515479  0.9965714
6183.08454535615  0.9999512
6183.13964236138  0.9929866
6183.19473616855  0.9864769
6183.24982677569  0.9656555
6183.30491418085  0.9469093
6183.35999838208  0.9569152
6183.41507937742  0.9839842
6183.47015716493  0.9956914
6183.52523174265  0.9920587
6183.58030310863  0.9653505
6183.63537126093  0.9559668
6183.69043619759  0.9419463
6183.74549791667  0.8910087
6183.80055641622  0.8340917
6183.85561169429  0.8481947
6183.91066374895  0.9093665
6183.96571257823  0.9538556
6184.0207581802  0.9463758
6184.07580055291  0.9196553
6184.13083969443  0.9127429
6184.1858756028  0.939549
6184.24090827609  0.969328
6184.29593771235  0.9921842
6184.35096390965  1.003718
6184.40598686604  1.001846
6184.46100657959  0.9998137
6184.51602304835  1.009925
6184.5710362704  1.016503
6184.62604624378  1.012553
6184.68105296657  1.011407
6184.73605643683  1.016674
6184.79105665262  1.013571
6184.84605361201  1.010917
6184.90104731307  1.00605
6184.95603775385  1.005042
6185.01102493243  1.010058
6185.06600884688  1.012564
6185.12098949527  1.007725
6185.17596687565  1.01032
6185.23094098611  1.008674
6185.28591182471  1.007067
6185.34087938953  1.010222
6185.39584367862  1.007734
6185.45080469008  0.9990617
6185.50576242197  0.9891263
6185.56071687235  0.9894385
6185.61566803931  0.9949793
6185.67061592092  0.9976771
6185.72556051526  0.9979412
6185.7805018204  0.9830248
6185.83543983441  0.9444309
6185.89037455538  0.8532266
6185.94530598137  0.8214356
6186.00023411048  0.8923426
6186.05515894076  0.9688649
6186.11008047032  1.003378
6186.16499869721  1.002361
6186.21991361953  0.9995313
6186.27482523535  0.9767193
6186.32973354276  0.9043811
6186.38463853984  0.8222694
6186.43954022466  0.8064781
6186.49443859531  0.8640893
6186.54933364987  0.9371737
6186.60422538643  0.9819672
6186.65911380308  0.9955835
6186.71399889788  1.006218
6186.76888066894  1.005296
6186.82375911434  0.957058
6186.87863423215  0.8291948
6186.93350602048  0.6973007
6186.9883744774  0.7123298
6187.043239601  0.8436479
6187.09810138938  0.9451129
6187.15295984061  0.9981915
6187.2078149528  1.007152
6187.26266672402  1.006355
6187.31751515237  0.992677
6187.37236023593  0.9779786
6187.42720197281  0.9682831
6187.48204036109  0.9617804
6187.53687539886  0.9477426
6187.59170708421  0.8938582
6187.64653541525  0.8628885
6187.70136039005  0.9202256
6187.75618200672  0.9822378
6187.81100026334  1.008653
6187.86581515802  1.011911
6187.92062668885  1.009153
6187.97543485392  1.004485
6188.03023965132  0.9927007
6188.08504107917  0.9506801
6188.13983913554  0.8068691
6188.19463381854  0.6002644
6188.24942512627  0.5545238
6188.30421305683  0.742319
6188.3589976083  0.9237205
6188.4137787788  0.9814649
6188.46855656642  1.013973
6188.52333096925  1.009839
6188.57810198541  1.013901
6188.63286961299  1.009244
6188.68763385008  0.9957587
6188.7423946948  0.9939547
6188.79715214524  1.000479
6188.85190619951  1.009026
6188.9066568557  1.010479
6188.96140411192  1.010643
6189.01614796628  1.010011
6189.07088841687  0.981132
6189.1256254618  0.8838528
6189.18035909917  0.7590396
6189.2350893271  0.6939182
6189.28981614367  0.7500107
6189.344539547  0.8760781
6189.3992595352  0.9734041
6189.45397610636  1.004962
6189.5086892586  0.9755185
6189.56339899002  0.9288923
6189.61810529873  0.9181305
6189.67280818283  0.9565231
6189.72750764044  0.9958602
6189.78220366966  1.014259
6189.83689626859  1.012736
6189.89158543535  1.016892
6189.94627116805  1.015282
6190.00095346479  1.018875
6190.05563232369  1.017509
6190.11030774285  1.017349
6190.16497972038  1.016196
6190.21964825439  1.013275
6190.274313343  1.016307
6190.32897498432  1.021103
6190.38363317644  1.023139
6190.4382879175  1.020947
6190.49293920559  1.009572
6190.54758703884  0.9859536
6190.60223141534  0.9653468
6190.65687233323  0.9660313
6190.7115097906  0.9773542
6190.76614378556  0.9957278
6190.82077431625  1.00511
6190.87540138076  1.010216
6190.9300249772  1.006655
6190.98464510371  1.008263
6191.03926175838  1.003402
6191.09387493934  0.9982084
6191.14848464469  0.9898835
6191.20309087256  0.980651
6191.25769362105  0.9324468
6191.31229288829  0.7646925
6191.36688867238  0.4994846
6191.42148097145  0.3636804
6191.47606978361  0.4955283
6191.53065510697  0.7356444
6191.58523693966  0.8550788
6191.63981527979  0.8026689
6191.69439012547  0.6023175
6191.74896147483  0.3569612
6191.80352932597  0.2369791
6191.85809367702  0.3130833
6191.9126545261  0.5252002
6191.96721187133  0.7304201
6192.02176571081  0.8722177
6192.07631604267  0.9466785
6192.13086286503  0.9729745
6192.185406176  0.9761248
6192.23994597371  0.96424
6192.29448225627  0.9651035
6192.3490150218  0.9696059
6192.40354426842  0.9794769
6192.45806999426  0.9783958
6192.51259219742  0.9744422
6192.56711087603  0.9834543
6192.62162602821  1.001253
6192.67613765208  0.9999328
6192.73064574576  0.9893195
6192.78515030737  0.9713083
6192.83965133502  0.977048
6192.89414882684  0.9910504
6192.94864278096  1.011117
6193.00313319548  1.018056
6193.05762006853  1.011839
6193.11210339824  1.008397
6193.16658318272  0.9924266
6193.22105942009  0.9881216
6193.27553210847  0.998631
6193.330001246  1.013901
6193.38446683077  1.023803
6193.43892886093  1.025867
6193.49338733459  1.017733
6193.54784224987  1.010075
6193.60229360489  0.9947823
6193.65674139778  0.9879841
6193.71118562666  0.9922566
6193.76562628964  0.9979694
6193.82006338485  0.9967633
6193.87449691042  0.9801129
6193.92892686446  0.962139
6193.9833532451  0.9776808
6194.03777605046  1.004175
6194.09219527865  1.01835
6194.14661092782  1.024199
6194.20102299606  1.021093
6194.25543148152  1.020158
6194.3098363823  1.0135
6194.36423769654  1.020766
6194.41863542236  1.015847
6194.47302955787  0.9919907
6194.5274201012  0.9601562
6194.58180705048  0.9056031
6194.63619040382  0.8584166
6194.69057015935  0.8833172
6194.74494631519  0.9503525
6194.79931886947  0.9952488
6194.85368782029  1.019803
6194.9080531658  1.021954
6194.96241490411  1.020561
6195.01677303334  1.006401
6195.07112755162  0.9930363
6195.12547845707  0.984467
6195.1798257478  1.003736
6195.23416942196  1.020674
6195.28850947764  1.020958
6195.34284591299  1.015175
6195.39717872612  1.001778
6195.45150791515  1.002681
6195.50583347821  0.9970088
6195.56015541341  0.9658302
6195.61447371888  0.9009575
6195.66878839275  0.8404391
6195.72309943313  0.8657004
6195.77740683815  0.9401056
6195.83171060593  0.991275
6195.88601073458  1.002301
6195.94030722224  1.003222
6195.99460006703  0.9969056
6196.04888926706  1.002435
6196.10317482046  1.009523
6196.15745672534  1.018108
6196.21173497984  1.023263
6196.26600958207  1.016278
6196.32028053016  1.000872
6196.37454782222  0.9876555
6196.42881145638  1.001197
6196.48307143075  1.017759
6196.53732774346  1.022601
6196.59158039263  1.025032
6196.64582937638  1.025381
6196.70007469283  1.022288
6196.75431634011  1.021299
6196.80855431632  1.007162
6196.8627886196  0.9924236
6196.91701924805  1.008774
6196.97124619981  1.019194
6197.02546947299  1.028576
6197.07968906572  1.023513
6197.1339049761  1.014756
6197.18811720226  1.021784
6197.24232574233  1.027757
6197.29653059441  1.032553
6197.35073175663  1.035245
6197.4049292271  1.033907
6197.45912300396  1.030939
6197.5133130853  1.026324
6197.56749946926  1.027046
6197.62168215395  1.026449
6197.67586113749  1.005613
6197.73003641799  0.9932101
6197.78420799358  0.9947377
6197.83837586237  1.011731
6197.89254002248  1.023098
6197.94670047202  1.025473
6198.00085720912  1.029994
6198.05501023188  1.02671
6198.10915953843  1.008852
6198.16330512689  0.9981111
6198.21744699536  1.00243
6198.27158514196  1.016616
6198.32571956481  1.026037
6198.37985026204  1.030764
6198.43397723173  1.029626
6198.48810047203  1.029785
6198.54221998103  1.029461
6198.59633575686  1.031143
6198.65044779763  1.021668
6198.70455610145  1.024064
6198.75866066644  1.013268
6198.8127614907  0.9950881
6198.86685857236  0.991955
6198.92095190953  1.003091
6198.97504150031  1.024299
6199.02912734283  1.026918
6199.08320943519  1.02894
6199.13728777551  1.03102
6199.19136236189  1.021933
6199.24543319245  1.013477
6199.2995002653  0.9369485
6199.35356357856  0.7332041
6199.40762313032  0.5299567
6199.46167891871  0.5242081
6199.51573094183  0.7152332
6199.56977919779  0.8935663
6199.6238236847  0.9573455
6199.67786440067  0.9159064
6199.73190134381  0.8529371
6199.78593451223  0.882311
6199.83996390403  0.9692947
6199.89398951733  1.015376
6199.94801135023  1.020282
6200.00202940083  1.017288
6200.05604366725  0.9980362
6200.1100541476  1.006982
6200.16406083997  1.011546
6200.21806374247  1.019676
6200.27206285322  1.016896
6200.32605817031  1.005219
6200.38004969185  0.9696389
6200.43403741594  0.8504811
6200.48802134069  0.6128685
6200.5420014642  0.3946264
6200.59597778459  0.4435096
6200.64995029993  0.7015176
6200.70391900835  0.9052063
6200.75788390795  0.9796554
6200.81184499681  0.9892585
6200.86580227306  0.9922538
6200.91975573479  0.9921063
6200.97370538009  0.9985216
6201.02765120708  1.002313
6201.08159321384  1.003222
6201.13553139849  0.9876907
6201.18946575911  0.9818652
6201.24339629381  0.9844979
6201.29732300069  0.99374
6201.35124587785  0.9807388
6201.40516492337  0.9648215
6201.45908013537  0.9773499
6201.51299151193  1.002668
6201.56689905116  1.010628
6201.62080275114  1.01204
6201.67470260997  1.014229
6201.72859862576  1.026034
6201.78249079659  1.029439
6201.83637912056  1.030947
6201.89026359576  1.010607
6201.94414422029  0.9909923
6201.99802099224  0.9848844
6202.05189390969  0.9915907
6202.10576297075  1.006297
6202.15962817351  1.026874
6202.21348951605  1.031849
6202.26734699646  1.031106
6202.32120061285  1.031636
6202.37505036328  1.028436
6202.42889624587  1.027312
6202.48273825869  1.01319
6202.53657639983  0.9964318
6202.59041066738  1.00041
6202.64424105942  1.012621
6202.69806757405  1.017453
6202.75189020936  1.015902
6202.80570896342  1.007906
6202.85952383432  0.9963071
6202.91333482014  0.9932606
6202.96714191898  0.9911262
6203.02094512891  0.9977888
6203.07474444802  1.011898
6203.12853987439  1.016809
6203.18233140609  1.013972
6203.23611904123  0.999716
6203.28990277787  1.000511
6203.3436826141  1.010263
6203.39745854799  1.025608
6203.45123057763  1.02199
6203.50499870109  0.9914501
6203.55876291645  0.966216
6203.6125232218  0.97629
6203.6662796152  1.003787
6203.72003209474  1.015134
6203.77378065849  1.019466
6203.82752530452  1.017818
6203.88126603092  1.016811
6203.93500283575  1.014455
6203.9887357171  1.015802
6204.04246467303  1.024157
6204.09618970161  1.023159
6204.14991080092  1.030695
6204.20362796903  1.024807
6204.25734120402  1.020415
6204.31105050394  1.020838
6204.36475586688  1.023096
6204.41845729089  1.024184
6204.47215477406  1.027177
6204.52584831444  1.02719
6204.57953791011  1.029377
6204.63322355913  1.023129
6204.68690525956  1.000875
6204.74058300948  0.9317947
6204.79425680695  0.7975963
6204.84792665003  0.7296554
6204.90159253678  0.8222008
6204.95525446527  0.9472017
6205.00891243357  1.001591
6205.06256643973  1.015746
6205.11621648181  1.019394
6205.16986255787  1.015581
6205.22350466598  1.008774
6205.27714280419  0.9950234
6205.33077697057  0.9775982
6205.38440716316  0.9599745
6205.43803338003  0.9347357
6205.49165561923  0.9470058
6205.54527387882  0.984111
6205.59888815686  1.014995
6205.65249845139  1.024264
6205.70610476048  1.030028
6205.75970708217  1.030067
6205.81330541452  1.026782
6205.86689975557  1.026306
6205.92049010339  1.027209
6205.97407645601  1.032995
6206.0276588115  1.032011
6206.0812371679  1.029294
6206.13481152325  1.030079
6206.18838187561  1.034573
6206.24194822302  1.032234
6206.29551056352  1.023159
6206.34906889517  1.019444
6206.402623216  1.006012
6206.45617352406  0.9997754
6206.5097198174  0.9985507
6206.56326209406  1.00123
6206.61680035206  0.992171
6206.67033458948  0.9849462
6206.72386480432  1.00143
6206.77739099465  1.016261
6206.83091315849  1.025572
6206.88443129389  1.019896
6206.93794539887  1.0049
6206.99145547149  0.9831311
6207.04496150977  0.9832669
6207.09846351174  0.9912338
6207.15196147545  0.9993729
6207.20545539892  1.012178
6207.25894528019  1.023529
6207.31243111729  1.030755
6207.36591290825  1.014491
6207.41939065109  0.9845863
6207.47286434386  0.9576572
6207.52633398457  0.9662232
6207.57979957126  0.9809228
6207.63326110195  0.9938339
6207.68671857467  1.001992
6207.74017198745  1.010081
6207.7936213383  1.019915
6207.84706662525  1.019264
6207.90050784632  1.021084
6207.95394499954  1.015002
6208.00737808293  1.014609
6208.06080709451  1.020108
6208.11423203229  1.018921
6208.16765289429  1.005286
6208.22106967854  0.9991675
6208.27448238305  1.002187
6208.32789100584  1.008738
6208.38129554491  0.9986421
6208.43469599829  0.9787049
6208.48809236399  0.9731717
6208.54148464002  0.9853784
6208.5948728244  0.9965268
6208.64825691513  1.011681
6208.70163691022  0.9950555
6208.75501280768  0.9652097
6208.80838460553  0.9513668
6208.86175230176  0.983389
6208.91511589439  1.011403
6208.96847538142  1.023786
6209.02183076085  1.029879
6209.0751820307  1.025222
6209.12852918895  1.020712
6209.18187223362  1.011073
6209.2352111627  1.003822
6209.2885459742  1.003746
6209.34187666611  1.018619
6209.39520323644  1.031242
6209.44852568317  1.030106
6209.50184400431  1.020289
6209.55515819785  1.007399
6209.60846826179  0.9932011
6209.66177419412  0.9870176
6209.71507599283  1.003886
6209.76837365591  1.02059
6209.82166718136  1.025704
6209.87495656716  1.009818
6209.92824181131  0.9746022
6209.98152291179  0.9631155
6210.03479986659  0.9869019
6210.08807267369  1.016303
6210.14134133108  1.022457
6210.19460583674  1.019694
6210.24786618867  1.024665
6210.30112238483  1.025069
6210.35437442321  1.018617
6210.40762230179  1.014829
6210.46086601855  1.018811
6210.51410557147  1.022097
6210.56734095852  1.019433
6210.62057217768  1.023232
6210.67379922694  1.020846
6210.72702210425  0.9981377
6210.78024080759  0.9529989
6210.83345533494  0.8478034
6210.88666568427  0.7667629
6210.93987185354  0.7796415
6210.99307384073  0.8895538
6211.04627164381  0.9775764
6211.09946526073  1.012916
6211.15265468947  1.030383
6211.205839928  1.031127
6211.25902097427  1.03222
6211.31219782624  1.019236
6211.3653704819  1.015425
6211.41853893918  1.015419
6211.47170319605  1.011415
6211.52486325047  1.021175
6211.5780191004  1.028695
6211.6311707438  1.018037
6211.68431817861  1.000714
6211.7374614028  1.00305
6211.79060041432  1.011124
6211.84373521111  1.020024
6211.89686579114  1.024335
6211.94999215235  1.032324
6212.00311429268  1.026739
6212.0562322101  1.031693
6212.10934590254  1.025072
6212.16245536795  0.9942456
6212.21556060428  0.9462809
6212.26866160946  0.9158564
6212.32175838145  0.9189843
6212.37485091818  0.934143
6212.42793921759  0.9421673
6212.48102327762  0.9648756
6212.53410309622  0.9883976
6212.58717867131  0.9959708
6212.64025000083  0.9981927
6212.69331708272  1.01634
6212.74637991491  1.03212
6212.79943849533  1.030428
6212.85249282191  1.020883
6212.9055428926  1.01189
6212.9585887053  1.008154
6213.01163025795  1.007796
6213.06466754848  1.020742
6213.11770057482  1.030796
6213.17072933487  1.027044
6213.22375382658  1.025637
6213.27677404787  1.010772
6213.32978999664  1.001739
6213.38280167082  1.00485
6213.43580906834  1.001456
6213.4888121871  0.9704897
6213.54181102503  0.8588908
6213.59480558004  0.6143247
6213.64779585003  0.3704081
6213.70078183293  0.3617711
6213.75376352665  0.58642
6213.80674092909  0.842347
6213.85971403817  0.9683493
6213.91268285179  1.005819
6213.96564736786  0.9896656
6214.01860758428  0.8916675
6214.07156349896  0.7198167
6214.1245151098  0.675216
6214.1774624147  0.8078594
6214.23040541157  0.9300216
6214.28334409829  0.9605435
6214.33627847278  0.9696487
6214.38920853292  0.9904436
6214.44213427661  1.011671
6214.49505570174  1.024749
6214.54797280622  1.013422
6214.60088558792  1.0019
6214.65379404475  1.002482
6214.70669817458  0.983753
6214.7595979753  0.9586622
6214.81249344482  0.9308491
6214.865384581  0.9202906
6214.91827138173  0.9454867
6214.9711538449  0.9837408
6215.02403196838  1.011484
6215.07690575006  1.015568
6215.12977518781  0.9949435
6215.18264027952  0.9586216
6215.23550102306  0.8797028
6215.2883574163  0.7460665
6215.34120945712  0.5767672
6215.39405714339  0.467659
6215.44690047298  0.5213142
6215.49973944376  0.6831239
6215.5525740536  0.8433025
6215.60540430037  0.8959365
6215.65823018192  0.888763
6215.71105169614  0.9322065
6215.76386884088  0.99518
6215.81668161399  1.018245
6215.86949001335  1.015352
6215.92229403681  0.9915169
6215.97509368223  0.9759896
6216.02788894746  0.9621331
6216.08067983036  0.9313288
6216.13346632879  0.9340947
6216.18624844059  0.9788761
6216.23902616362  1.01796
6216.29179949573  1.025583
6216.34456843476  1.023166
6216.39733297857  0.9972957
6216.45009312499  0.9268137
6216.50284887187  0.765224
6216.55560021706  0.5399171
6216.60834715839  0.4356593
6216.66108969371  0.5652213
6216.71382782085  0.8006746
6216.76656153765  0.9584342
6216.81929084195  0.9859445
6216.87201573159  0.9718415
6216.92473620439  0.9705584
6216.97745225818  1.000793
6217.0301638908  1.012483
6217.08287110007  0.9964594
6217.13557388383  0.9836285
6217.1882722399  1.003995
6217.24096616609  1.019836
6217.29365566025  1.028754
6217.34634072018  1.031095
6217.39902134371  1.03718
6217.45169752865  1.031221
6217.50436927284  1.037568
6217.55703657406  1.040198
6217.60969943016  1.033602
6217.66235783893  1.025073
6217.71501179819  1.020716
6217.76766130574  1.019068
6217.82030635941  1.013319
6217.87294695699  0.9788055
6217.92558309628  0.9517971
6217.97821477511  0.9703127
6218.03084199126  0.978999
6218.08346474253  0.972496
6218.13608302674  0.9683788
6218.18869684167  0.9842566
6218.24130618512  1.001585
6218.29391105489  0.9995958
6218.34651144877  0.9862037
6218.39910736456  0.9744976
6218.45169880004  0.9823396
6218.50428575301  0.9903858
6218.55686822124  0.9952412
6218.60944620254  1.00415
6218.66201969467  1.021805
6218.71458869544  1.026088
6218.76715320261  1.025965
6218.81971321397  1.016783
6218.87226872729  1.015992
6218.92481974036  1.023113
6218.97736625095  1.018135
6219.02990825683  1.025742
6219.08244575577  1.0175
6219.13497874555  1.022133
6219.18750722394  1.024937
6219.2400311887  1.016398
6219.2925506376  0.9890557
6219.3450655684  0.9265482
6219.39757597887  0.7902371
6219.45008186677  0.5511011
6219.50258322986  0.332799
6219.5550800659  0.3433821
6219.60757237264  0.5907358
6219.66006014783  0.8336191
6219.71254338925  0.945969
6219.76502209462  0.9757074
6219.81749626172  0.9851387
6219.86996588827  0.9993068
6219.92243097204  1.021745
6219.97489151076  1.022995
6220.02734750219  0.9986313
6220.07979894406  0.9574111
6220.13224583411  0.9039862
6220.18468817009  0.8957261
6220.23712594973  0.9333134
6220.28955917077  0.968933
6220.34198783094  0.9677156
6220.39441192797  0.9282625
6220.44683145959  0.876472
6220.49924642355  0.8989391
6220.55165681755  0.9574432
6220.60406263933  0.9615589
6220.65646388662  0.863563
6220.70886055714  0.767437
6220.7612526486  0.8208038
6220.81364015873  0.9291733
6220.86602308524  0.9780756
6220.91840142585  0.9301513
6220.97077517828  0.7871362
6221.02314434024  0.6956626
6221.07550890943  0.7869005
6221.12786888358  0.9191748
6221.18022426038  0.9776285
6221.23257503755  0.9800392
6221.28492121278  0.9907246
6221.33726278379  1.003116
6221.38959974826  0.9933997
6221.44193210391  0.9235523
6221.49425984843  0.8019387
6221.5465829795  0.7043067
6221.59890149484  0.7200183
6221.65121539213  0.8342451
6221.70352466907  0.9504834
6221.75582932333  1.005813
6221.80812935261  0.9938381
6221.8604247546  0.9255294
6221.91271552697  0.8604611
6221.96500166742  0.9032524
6222.01728317362  0.9610539
6222.06956004324  0.9904433
6222.12183227398  0.9949657
6222.17409986349  0.9991087
6222.22636280947  1.003548
6222.27862110956  1.011323
6222.33087476146  1.012481
6222.38312376282  1.014579
6222.43536811132  1.01366
6222.48760780461  1.021128
6222.53984284035  1.019152
6222.59207321623  1.005697
6222.64429892988  1.013581
6222.69651997897  1.0134
6222.74873636115  1.006234
6222.80094807408  0.9990484
6222.85315511541  0.997849
6222.90535748278  0.9999699
6222.95755517387  0.9874071
6223.00974818629  0.9896075
6223.0619365177  0.9861356
6223.11412016575  0.9783273
6223.16629912808  0.9837628
6223.21847340232  0.9837158
6223.27064298611  0.9642608
6223.32280787709  0.960753
6223.37496807289  0.9828681
6223.42712357115  0.993542
6223.4792743695  1.002516
6223.53142046556  1.011114
6223.58356185696  1.004524
6223.63569854132  1.000625
6223.68783051628  1.008348
6223.73995777944  1.011608
6223.79208032844  1.01671
6223.84419816088  1.015286
6223.89631127439  0.9981228
6223.94841966657  0.9930736
6224.00052333504  0.9928433
6224.05262227742  0.9887922
6224.1047164913  0.9452004
6224.15680597429  0.8207792
6224.208890724  0.6970078
6224.26097073803  0.7347039
6224.31304601398  0.8685122
6224.36511654945  0.9554681
6224.41718234204  0.972398
6224.46924338934  0.979616
6224.52129968895  1.001079
6224.57335123846  1.001059
6224.62539803544  0.9483265
6224.67744007751  0.7999691
6224.72947736223  0.6512339
6224.78150988719  0.6870012
6224.83353764998  0.8574191
6224.88556064817  0.9656019
6224.93757887934  0.9748118
6224.98959234107  0.9807597
6225.04160103093  0.9892855
6225.0936049465  0.9990076
6225.14560408533  0.9966848
6225.19759844501  0.9753426
6225.2495880231  0.9644386
6225.30157281715  0.9713577
6225.35355282474  0.9665485
6225.40552804343  0.9578086
6225.45749847077  0.9652024
6225.50946410432  0.9936172
6225.56142494163  1.012828
6225.61338098026  0.9992853
6225.66533221775  0.9799553
6225.71727865165  0.9485543
6225.76922027952  0.9639916
6225.8211570989  0.9963812
6225.87308910732  1.018756
6225.92501630233  1.018384
6225.97693868147  1.018599
6226.02885624227  1.022369
6226.08076898227  1.006614
6226.13267689901  0.998817
6226.18457999  0.9952102
6226.23647825278  1.002391
6226.28837168488  1.004691
6226.34026028382  0.997567
6226.39214404713  0.9872673
6226.44402297231  0.9751244
6226.4958970569  0.9721525
6226.54776629841  0.9529813
6226.59963069435  0.9457915
6226.65149024224  0.9621743
6226.70334493958  0.9913949
6226.75519478388  1.003134
6226.80703977266  0.9862157
6226.8588799034  0.9306639
6226.91071517363  0.7806728
6226.96254558082  0.6389655
6227.0143711225  0.6920095
6227.06619179614  0.8617641
6227.11800759924  0.9716741
6227.1698185293  1.006194
6227.2216245838  1.014315
6227.27342576024  1.020492
6227.3252220561  1.011086
6227.37701346885  1.021643
6227.42879999598  1.000605
6227.48058163498  0.9843557
6227.53235838331  0.9721658
6227.58413023846  0.9862966
6227.6358971979  0.9915443
6227.68765925909  0.9680442
6227.7394164195  0.8777966
6227.79116867661  0.8249474
6227.84291602787  0.8802692
6227.89465847076  0.959721
6227.94639600272  1.000145
6227.99812862122  0.9966398
6228.04985632371  0.9843863
6228.10157910764  0.9792022
6228.15329697048  0.9796737
6228.20500990966  0.9913231
6228.25671792264  0.9948878
6228.30842100686  1.011896
6228.36011915976  1.007052
6228.41181237878  1.001331
6228.46350066137  0.9939188
6228.51518400496  0.9743391
6228.56686240698  0.9625372
6228.61853586486  0.9629067
6228.67020437604  0.9654322
6228.72186793795  0.9762749
6228.773526548  0.9965306
6228.82518020363  1.008982
6228.87682890225  1.017214
6228.92847264129  1.017986
6228.98011141815  1.013561
6229.03174523026  1.009393
6229.08337407503  1.006407
6229.13499794987  1.003724
6229.18661685218  1.005389
6229.23823077937  0.9905909
6229.28983972885  0.9763693
6229.34144369802  0.9219457
6229.39304268427  0.7587404
6229.444636685  0.5594173
6229.49622569761  0.5521339
6229.5478097195  0.7249237
6229.59938874804  0.8749766
6229.65096278063  0.948684
6229.70253181466  0.9797373
6229.75409584751  1.001935
6229.80565487656  1.010959
6229.85720889919  1.013355
6229.90875791277  1.005742
6229.96030191468  0.9972842
6230.01184090229  0.9699392
6230.06337487298  0.9407768
6230.11490382411  0.9291281
6230.16642775304  0.9291534
6230.21794665715  0.9074154
6230.26946053378  0.812805
6230.3209693803  0.72704
6230.37247319407  0.783553
6230.42397197244  0.8924124
6230.47546571276  0.9505576
6230.52695441238  0.9822493
6230.57843806865  0.9658777
6230.62991667891  0.9531341
6230.6813902405  0.9226635
6230.73285875078  0.876003
6230.78432220706  0.8111038
6230.8357806067  0.6580257
6230.88723394702  0.4263738
6230.93868222535  0.2404884
6230.99012543903  0.1914302
6231.04156358537  0.2612289
6231.09299666171  0.4363946
6231.14442466536  0.6060296
6231.19584759364  0.7097408
6231.24726544388  0.7499861
6231.29867821338  0.7873316
6231.35008589946  0.8657147
6231.40148849943  0.9318296
6231.4528860106  0.9541481
6231.50427843026  0.9478301
6231.55566575573  0.9465743
6231.60704798431  0.9548383
6231.65842511328  0.9751831
6231.70979713995  0.9821825
6231.76116406162  0.982655
6231.81252587556  0.9701198
6231.86388257908  0.9664989
6231.91523416946  0.9869052
6231.96658064398  1.001867
6232.01792199992  1.00394
6232.06925823456  1.009356
6232.12058934518  0.9950251
6232.17191532905  1.002448
6232.22323618344  0.9845155
6232.27455190563  0.9730549
6232.32586249288  0.9702013
6232.37716794246  0.9734615
6232.42846825162  0.9807378
6232.47976341763  0.9910369
6232.53105343775  0.9914707
6232.58233830922  0.9868975
6232.63361802931  0.9536857
6232.68489259525  0.9226606
6232.73616200431  0.8561335
6232.78742625372  0.704416
6232.83868534073  0.4801247
6232.88993926257  0.3792798
6232.94118801649  0.5258551
6232.99243159972  0.7648081
6233.0436700095  0.9208648
6233.09490324304  0.9695037
6233.14613129759  0.9804659
6233.19735417036  0.9856276
6233.24857185858  0.969614
6233.29978435948  0.935855
6233.35099167026  0.8408097
6233.40219378814  0.6985003
6233.45339071034  0.6802613
6233.50458243407  0.8084224
6233.55576895653  0.9309717
6233.60695027493  0.9718667
6233.65812638648  0.9620131
6233.70929728837  0.9402781
6233.7604629778  0.944072
6233.81162345197  0.9423177
6233.86277870807  0.940031
6233.91392874328  0.9607075
6233.96507355481  0.9761935
6234.01621313983  0.9963649
6234.06734749553  0.9936618
6234.11847661908  0.9965022
6234.16960050767  0.9736842
6234.22071915846  0.9596963
6234.27183256865  0.9574744
6234.32294073538  0.9933734
6234.37404365583  0.9976321
6234.42514132717  1.006825
6234.47623374655  1.004125
6234.52732091114  1.007624
6234.5784028181  1.014748
6234.62947946457  1.012311
6234.68055084772  1.009335
6234.73161696469  1.014083
6234.78267781262  1.001311
6234.83373338867  1.001365
6234.88478368997  1.000581
6234.93582871367  1.002497
6234.9868684569  0.9964999
6235.03790291679  1.009279
6235.08893209048  0.9895293
6235.13995597509  0.9747166
6235.19097456775  0.9658412
6235.24198786558  0.9826124
6235.29299586571  0.9995489
6235.34399856526  1.009145
6235.39499596134  0.9964882
6235.44598805105  0.9873949
6235.49697483153  0.9899086
6235.54795629986  0.999274
6235.59893245316  1.009654
6235.64990328853  0.9984419
6235.70086880306  0.989556
6235.75182899386  0.9679571
6235.80278385803  0.9726097
6235.85373339265  0.9924354
6235.90467759481  0.9988822
6235.95561646159  1.009185
6236.0065499901  1.01767
6236.0574781774  1.012435
6236.10840102057  1.009067
6236.15931851668  1.006419
6236.21023066283  0.9985394
6236.26113745606  0.979938
6236.31203889346  0.9825284
6236.36293497209  0.9925601
6236.413825689  0.9950251
6236.46471104127  1.008083
6236.51559102594  1.00675
6236.56646564007  1.020302
6236.61733488071  1.033049
6236.66819874492  1.025373
6236.71905722974  1.016239
6236.7699103322  1.000201
6236.82075804937  1.008132
6236.87160037826  1.018296
6236.92243731592  1.029818
6236.97326885938  1.013947
6237.02409500567  1.023992
6237.07491575182  1.042219
6237.12573109485  1.031129
6237.17654103179  1.03621
6237.22734555965  1.040076
6237.27814467545  1.017525
6237.3289383762  1.002524
6237.37972665891  0.9725705
6237.4305095206  0.9097692
6237.48128695827  0.7811423
6237.53205896891  0.6414981
6237.58282554954  0.6600811
6237.63358669714  0.7685474
6237.68434240871  0.8848895
6237.73509268125  0.927881
6237.78583751174  0.9510794
6237.83657689717  0.9632681
6237.88731083452  0.9765043
6237.93803932077  0.965375
6237.9887623529  0.9588702
6238.03947992788  0.9519296
6238.09019204269  0.9671842
6238.14089869429  0.9869392
6238.19159987966  0.9906625
6238.24229559575  0.9835212
6238.29298583952  0.9841084
6238.34367060794  0.9874703
6238.39434989796  0.9711553
6238.44502370652  0.9390914
6238.49569203059  0.8801702
6238.54635486711  0.7905981
6238.59701221301  0.7010021
6238.64766406525  0.7055542
6238.69831042075  0.803028
6238.74895127646  0.872679
6238.79958662931  0.8981859
6238.85021647623  0.9174261
6238.90084081414  0.9338517
6238.95145963996  0.92962
6239.00207295063  0.9574271
6239.05268074305  0.9737977
6239.10328301414  0.9945419
6239.15387976082  0.9908879
6239.20447097998  0.9994945
6239.25505666855  1.005884
6239.30563682343  1.014431
6239.35621144151  1.019607
6239.40678051968  1.039536
6239.45734405486  1.027298
6239.50790204393  1.023813
6239.55845448378  0.9918882
6239.60900137129  0.9754004
6239.65954270335  1.013772
6239.71007847683  1.082799
6239.76060868863  1.131816
6239.81113333561  1.166469
6239.86165241464  1.222075
6239.91216592259  1.203207
6239.96267385633  1.156727
6240.01317621272  1.10113
6240.06367298862  1.170811
6240.11416418089  1.266085
6240.16464978638  1.309289
6240.21512980195  1.38537
6240.26560422443  1.473185
6240.31607305069  1.4572
6240.36653627755  1.420558
6240.41699390186  1.
6240.46744592046  1.
6240.51789233017  1.
